DLL 2024-07-28 09:42:15.798869 - PARAMETER output : ./ 
DLL 2024-07-28 09:42:15.798922 - PARAMETER dataset_path : /data/tacotron2/LJSpeech-1.1 
DLL 2024-07-28 09:42:15.798937 - PARAMETER model_name : Tacotron2 
DLL 2024-07-28 09:42:15.798948 - PARAMETER log_file : nvlog.json 
DLL 2024-07-28 09:42:15.798957 - PARAMETER anneal_steps : None 
DLL 2024-07-28 09:42:15.798966 - PARAMETER anneal_factor : 0.1 
DLL 2024-07-28 09:42:15.798977 - PARAMETER config_file : None 
DLL 2024-07-28 09:42:15.798985 - PARAMETER seed : None 
DLL 2024-07-28 09:42:15.798995 - PARAMETER epochs : 3 
DLL 2024-07-28 09:42:15.799004 - PARAMETER epochs_per_checkpoint : 50 
DLL 2024-07-28 09:42:15.799012 - PARAMETER checkpoint_path :  
DLL 2024-07-28 09:42:15.799020 - PARAMETER resume_from_last : False 
DLL 2024-07-28 09:42:15.799030 - PARAMETER dynamic_loss_scaling : True 
DLL 2024-07-28 09:42:15.799038 - PARAMETER amp : False 
DLL 2024-07-28 09:42:15.799047 - PARAMETER cudnn_enabled : True 
DLL 2024-07-28 09:42:15.799055 - PARAMETER cudnn_benchmark : False 
DLL 2024-07-28 09:42:15.799064 - PARAMETER disable_uniform_initialize_bn_weight : False 
DLL 2024-07-28 09:42:15.799072 - PARAMETER use_saved_learning_rate : False 
DLL 2024-07-28 09:42:15.799081 - PARAMETER learning_rate : 0.0 
DLL 2024-07-28 09:42:15.799090 - PARAMETER weight_decay : 1e-06 
DLL 2024-07-28 09:42:15.799099 - PARAMETER grad_clip_thresh : 1.0 
DLL 2024-07-28 09:42:15.799108 - PARAMETER batch_size : 256 
DLL 2024-07-28 09:42:15.799117 - PARAMETER grad_clip : 5.0 
DLL 2024-07-28 09:42:15.799126 - PARAMETER load_mel_from_disk : False 
DLL 2024-07-28 09:42:15.799134 - PARAMETER training_files : filelists/ljs_audio_text_train_subset_625_filelist.txt 
DLL 2024-07-28 09:42:15.799143 - PARAMETER validation_files : filelists/ljs_audio_text_val_filelist.txt 
DLL 2024-07-28 09:42:15.799153 - PARAMETER text_cleaners : ['english_cleaners'] 
DLL 2024-07-28 09:42:15.799164 - PARAMETER max_wav_value : 32768.0 
DLL 2024-07-28 09:42:15.799173 - PARAMETER sampling_rate : 22050 
DLL 2024-07-28 09:42:15.799182 - PARAMETER filter_length : 1024 
DLL 2024-07-28 09:42:15.799190 - PARAMETER hop_length : 256 
DLL 2024-07-28 09:42:15.799198 - PARAMETER win_length : 1024 
DLL 2024-07-28 09:42:15.799206 - PARAMETER mel_fmin : 0.0 
DLL 2024-07-28 09:42:15.799214 - PARAMETER mel_fmax : 8000.0 
DLL 2024-07-28 09:42:15.799222 - PARAMETER rank : 0 
DLL 2024-07-28 09:42:15.799230 - PARAMETER world_size : 1 
DLL 2024-07-28 09:42:15.799238 - PARAMETER dist_url : tcp://localhost:23456 
DLL 2024-07-28 09:42:15.799247 - PARAMETER group_name : group_name 
DLL 2024-07-28 09:42:15.799255 - PARAMETER dist_backend : nccl 
DLL 2024-07-28 09:42:15.799263 - PARAMETER bench_class :  
DLL 2024-07-28 09:42:15.799272 - PARAMETER model_name : Tacotron2_PyT 
DLL 2024-07-28 09:42:23.421696 - (0, 0) glob_iter/iters_per_epoch : 0/2 
DLL 2024-07-28 09:42:25.160198 - (0, 0) train_loss : 44.7639045715332 
DLL 2024-07-28 09:42:26.428396 - (0, 0) train_items_per_sec : 46338.761191631456 items/s
DLL 2024-07-28 09:42:26.428484 - (0, 0) train_iter_time : 3.00677006499609 
DLL 2024-07-28 09:42:26.441751 - (0, 1) glob_iter/iters_per_epoch : 1/2 
DLL 2024-07-28 09:42:26.923894 - (0, 1) train_loss : 48.44552230834961 
DLL 2024-07-28 09:42:28.021032 - (0, 1) train_items_per_sec : 94715.25853508699 items/s
DLL 2024-07-28 09:42:28.021104 - (0, 1) train_iter_time : 1.5793548189976718 
DLL 2024-07-28 09:42:28.048406 - (0,) train_items_per_sec : 70527.00986335923 items/s
DLL 2024-07-28 09:42:28.048463 - (0,) train_loss : 48.44552230834961 
DLL 2024-07-28 09:42:28.048479 - (0,) train_epoch_time : 8.134631305991206 
DLL 2024-07-28 09:42:29.916571 - (0, 2, 0) val_items_per_sec : 137086.02244437078 items/s
DLL 2024-07-28 09:42:29.962859 - (0,) val_loss : 45.414756774902344 None
DLL 2024-07-28 09:42:29.962913 - (0,) val_items_per_sec : 137086.02244437078 items/s
Saving model and optimizer state at epoch 0 to ./checkpoint_Tacotron2_0.pt
Updating symlink ./checkpoint_Tacotron2_last.pt to point to checkpoint_Tacotron2_0.pt
DLL 2024-07-28 09:42:34.358474 - (1, 0) glob_iter/iters_per_epoch : 2/2 
DLL 2024-07-28 09:42:34.914286 - (1, 0) train_loss : 47.22318649291992 
DLL 2024-07-28 09:42:35.982757 - (1, 0) train_items_per_sec : 90502.25315235199 items/s
DLL 2024-07-28 09:42:35.982828 - (1, 0) train_iter_time : 1.624335250002332 
DLL 2024-07-28 09:42:35.988962 - (1, 1) glob_iter/iters_per_epoch : 3/2 
DLL 2024-07-28 09:42:36.466980 - (1, 1) train_loss : 45.143733978271484 
DLL 2024-07-28 09:42:37.565651 - (1, 1) train_items_per_sec : 88292.85362248766 items/s
DLL 2024-07-28 09:42:37.565738 - (1, 1) train_iter_time : 1.5767074489995139 
DLL 2024-07-28 09:42:37.623714 - (1,) train_items_per_sec : 89397.55338741982 items/s
DLL 2024-07-28 09:42:37.623796 - (1,) train_loss : 45.143733978271484 
DLL 2024-07-28 09:42:37.623814 - (1,) train_epoch_time : 7.221114726999076 
DLL 2024-07-28 09:42:39.456038 - (1, 4, 0) val_items_per_sec : 139488.7093723594 items/s
DLL 2024-07-28 09:42:39.503652 - (1,) val_loss : 45.40620422363281 None
DLL 2024-07-28 09:42:39.503709 - (1,) val_items_per_sec : 139488.7093723594 items/s
DLL 2024-07-28 09:42:43.345728 - (2, 0) glob_iter/iters_per_epoch : 4/2 
DLL 2024-07-28 09:42:44.042381 - (2, 0) train_loss : 46.61797332763672 
DLL 2024-07-28 09:42:45.123530 - (2, 0) train_items_per_sec : 81252.04726156508 items/s
DLL 2024-07-28 09:42:45.123606 - (2, 0) train_iter_time : 1.7778505879978184 
DLL 2024-07-28 09:42:45.133529 - (2, 1) glob_iter/iters_per_epoch : 5/2 
DLL 2024-07-28 09:42:45.594454 - (2, 1) train_loss : 47.475433349609375 
DLL 2024-07-28 09:42:46.684481 - (2, 1) train_items_per_sec : 94688.67129368415 items/s
DLL 2024-07-28 09:42:46.684540 - (2, 1) train_iter_time : 1.5509669530001702 
DLL 2024-07-28 09:42:46.746243 - (2,) train_items_per_sec : 87970.35927762461 items/s
DLL 2024-07-28 09:42:46.746324 - (2,) train_loss : 47.475433349609375 
DLL 2024-07-28 09:42:46.746341 - (2,) train_epoch_time : 7.239163794001797 
DLL 2024-07-28 09:42:48.638042 - (2, 6, 0) val_items_per_sec : 129079.83861763048 items/s
DLL 2024-07-28 09:42:48.683118 - (2,) val_loss : 45.39265823364258 None
DLL 2024-07-28 09:42:48.683176 - (2,) val_items_per_sec : 129079.83861763048 items/s
DLL 2024-07-28 09:42:48.686694 - () run_time : 30.081704929994885 s
DLL 2024-07-28 09:42:48.686735 - () val_loss : 45.39265823364258 None
DLL 2024-07-28 09:42:48.686751 - () train_loss : 47.475433349609375 
DLL 2024-07-28 09:42:48.686765 - () train_items_per_sec : 87970.35927762461 items/s
DLL 2024-07-28 09:42:48.686777 - () val_items_per_sec : 129079.83861763048 items/s
DONE!
