DLL 2024-10-02 22:37:28.171661 - PARAMETER output : ./ 
DLL 2024-10-02 22:37:28.171710 - PARAMETER dataset_path : /data/tacotron2/LJSpeech-1.1 
DLL 2024-10-02 22:37:28.171726 - PARAMETER model_name : Tacotron2 
DLL 2024-10-02 22:37:28.171737 - PARAMETER log_file : nvlog.json 
DLL 2024-10-02 22:37:28.171747 - PARAMETER anneal_steps : None 
DLL 2024-10-02 22:37:28.171756 - PARAMETER anneal_factor : 0.1 
DLL 2024-10-02 22:37:28.171767 - PARAMETER config_file : None 
DLL 2024-10-02 22:37:28.171775 - PARAMETER seed : None 
DLL 2024-10-02 22:37:28.171784 - PARAMETER epochs : 2 
DLL 2024-10-02 22:37:28.171794 - PARAMETER epochs_per_checkpoint : 50 
DLL 2024-10-02 22:37:28.171803 - PARAMETER checkpoint_path :  
DLL 2024-10-02 22:37:28.171811 - PARAMETER resume_from_last : False 
DLL 2024-10-02 22:37:28.171820 - PARAMETER dynamic_loss_scaling : True 
DLL 2024-10-02 22:37:28.171828 - PARAMETER amp : False 
DLL 2024-10-02 22:37:28.171837 - PARAMETER cudnn_enabled : True 
DLL 2024-10-02 22:37:28.171845 - PARAMETER cudnn_benchmark : False 
DLL 2024-10-02 22:37:28.171853 - PARAMETER disable_uniform_initialize_bn_weight : False 
DLL 2024-10-02 22:37:28.171861 - PARAMETER use_saved_learning_rate : False 
DLL 2024-10-02 22:37:28.171869 - PARAMETER learning_rate : 0.0 
DLL 2024-10-02 22:37:28.171878 - PARAMETER weight_decay : 1e-06 
DLL 2024-10-02 22:37:28.171887 - PARAMETER grad_clip_thresh : 1.0 
DLL 2024-10-02 22:37:28.171896 - PARAMETER batch_size : 256 
DLL 2024-10-02 22:37:28.171905 - PARAMETER grad_clip : 5.0 
DLL 2024-10-02 22:37:28.171913 - PARAMETER load_mel_from_disk : False 
DLL 2024-10-02 22:37:28.171922 - PARAMETER training_files : filelists/ljs_audio_text_train_subset_1250_filelist.txt 
DLL 2024-10-02 22:37:28.171931 - PARAMETER validation_files : filelists/ljs_audio_text_val_filelist.txt 
DLL 2024-10-02 22:37:28.171940 - PARAMETER text_cleaners : ['english_cleaners'] 
DLL 2024-10-02 22:37:28.171952 - PARAMETER max_wav_value : 32768.0 
DLL 2024-10-02 22:37:28.171960 - PARAMETER sampling_rate : 22050 
DLL 2024-10-02 22:37:28.171969 - PARAMETER filter_length : 1024 
DLL 2024-10-02 22:37:28.171977 - PARAMETER hop_length : 256 
DLL 2024-10-02 22:37:28.171986 - PARAMETER win_length : 1024 
DLL 2024-10-02 22:37:28.171994 - PARAMETER mel_fmin : 0.0 
DLL 2024-10-02 22:37:28.172002 - PARAMETER mel_fmax : 8000.0 
DLL 2024-10-02 22:37:28.172011 - PARAMETER rank : 0 
DLL 2024-10-02 22:37:28.172019 - PARAMETER world_size : 4 
DLL 2024-10-02 22:37:28.172027 - PARAMETER dist_url : tcp://localhost:23456 
DLL 2024-10-02 22:37:28.172035 - PARAMETER group_name : group_name 
DLL 2024-10-02 22:37:28.172043 - PARAMETER dist_backend : nccl 
DLL 2024-10-02 22:37:28.172051 - PARAMETER bench_class :  
DLL 2024-10-02 22:37:28.172060 - PARAMETER model_name : Tacotron2_PyT 
Initializing Distributed
Done initializing distributed
DLL 2024-10-02 22:37:40.191100 - (0, 0) glob_iter/iters_per_epoch : 0/1 
DLL 2024-10-02 22:37:42.198952 - (0, 0) train_loss : 46.707496643066406 
DLL 2024-10-02 22:37:43.506935 - (0, 0) train_items_per_sec : 175556.10599713158 items/s
DLL 2024-10-02 22:37:43.507026 - (0, 0) train_iter_time : 3.315891501999431 
DLL 2024-10-02 22:37:43.536456 - (0,) train_items_per_sec : 175556.10599713158 items/s
DLL 2024-10-02 22:37:43.536562 - (0,) train_loss : 46.707496643066406 
DLL 2024-10-02 22:37:43.536584 - (0,) train_epoch_time : 7.040721071000007 
DLL 2024-10-02 22:37:44.470031 - (0, 1, 0) val_items_per_sec : 105729.55105203654 items/s
DLL 2024-10-02 22:37:44.508111 - (0,) val_loss : 47.23101806640625 None
DLL 2024-10-02 22:37:44.508172 - (0,) val_items_per_sec : 105729.55105203654 items/s
Saving model and optimizer state at epoch 0 to ./checkpoint_Tacotron2_0.pt
Updating symlink ./checkpoint_Tacotron2_last.pt to point to checkpoint_Tacotron2_0.pt
DLL 2024-10-02 22:37:49.055817 - (1, 0) glob_iter/iters_per_epoch : 1/1 
DLL 2024-10-02 22:37:49.641826 - (1, 0) train_loss : 46.29469299316406 
DLL 2024-10-02 22:37:50.763508 - (1, 0) train_items_per_sec : 338264.5031259938 items/s
DLL 2024-10-02 22:37:50.763613 - (1, 0) train_iter_time : 1.7077346120022412 
DLL 2024-10-02 22:37:50.824547 - (1,) train_items_per_sec : 338264.5031259938 items/s
DLL 2024-10-02 22:37:50.824652 - (1,) train_loss : 46.29469299316406 
DLL 2024-10-02 22:37:50.824674 - (1,) train_epoch_time : 5.818220160002966 
DLL 2024-10-02 22:37:51.686381 - (1, 2, 0) val_items_per_sec : 123074.17762422834 items/s
DLL 2024-10-02 22:37:51.722265 - (1,) val_loss : 47.22869110107422 None
DLL 2024-10-02 22:37:51.722331 - (1,) val_items_per_sec : 123074.17762422834 items/s
DLL 2024-10-02 22:37:51.723799 - () run_time : 21.494099947001814 s
DLL 2024-10-02 22:37:51.723832 - () val_loss : 47.22869110107422 None
DLL 2024-10-02 22:37:51.723846 - () train_loss : 46.29469299316406 
DLL 2024-10-02 22:37:51.723859 - () train_items_per_sec : 338264.5031259938 items/s
DLL 2024-10-02 22:37:51.723870 - () val_items_per_sec : 123074.17762422834 items/s
DONE!
