train.py:402: SyntaxWarning: "is not" with a literal. Did you mean "!="?
  if args.checkpoint_path is not "":
DLL 2021-12-09 18:37:24.959710 - PARAMETER output : ./ 
DLL 2021-12-09 18:37:24.959780 - PARAMETER dataset_path : /data/tacotron2/LJSpeech-1.1 
DLL 2021-12-09 18:37:24.959803 - PARAMETER model_name : WaveGlow 
DLL 2021-12-09 18:37:24.959822 - PARAMETER log_file : nvlog.json 
DLL 2021-12-09 18:37:24.959838 - PARAMETER anneal_steps : None 
DLL 2021-12-09 18:37:24.959855 - PARAMETER anneal_factor : 0.1 
DLL 2021-12-09 18:37:24.959872 - PARAMETER epochs : 2 
DLL 2021-12-09 18:37:24.959889 - PARAMETER epochs_per_checkpoint : 50 
DLL 2021-12-09 18:37:24.959905 - PARAMETER checkpoint_path :  
DLL 2021-12-09 18:37:24.959922 - PARAMETER resume_from_last : False 
DLL 2021-12-09 18:37:24.959938 - PARAMETER dynamic_loss_scaling : True 
DLL 2021-12-09 18:37:24.959956 - PARAMETER amp : False 
DLL 2021-12-09 18:37:24.959972 - PARAMETER cudnn_enabled : True 
DLL 2021-12-09 18:37:24.959989 - PARAMETER cudnn_benchmark : True 
DLL 2021-12-09 18:37:24.960005 - PARAMETER disable_uniform_initialize_bn_weight : False 
DLL 2021-12-09 18:37:24.960021 - PARAMETER use_saved_learning_rate : False 
DLL 2021-12-09 18:37:24.960036 - PARAMETER learning_rate : 0.0 
DLL 2021-12-09 18:37:24.960052 - PARAMETER weight_decay : 0.0 
DLL 2021-12-09 18:37:24.960067 - PARAMETER grad_clip_thresh : 65504.0 
DLL 2021-12-09 18:37:24.960084 - PARAMETER batch_size : 32 
DLL 2021-12-09 18:37:24.960100 - PARAMETER grad_clip : 5.0 
DLL 2021-12-09 18:37:24.960115 - PARAMETER load_mel_from_disk : False 
DLL 2021-12-09 18:37:24.960131 - PARAMETER training_files : filelists/ljs_audio_text_train_subset_625_filelist.txt 
DLL 2021-12-09 18:37:24.960146 - PARAMETER validation_files : filelists/ljs_audio_text_val_filelist.txt 
DLL 2021-12-09 18:37:24.960161 - PARAMETER text_cleaners : ['english_cleaners'] 
DLL 2021-12-09 18:37:24.960181 - PARAMETER max_wav_value : 32768.0 
DLL 2021-12-09 18:37:24.960197 - PARAMETER sampling_rate : 22050 
DLL 2021-12-09 18:37:24.960213 - PARAMETER filter_length : 1024 
DLL 2021-12-09 18:37:24.960228 - PARAMETER hop_length : 256 
DLL 2021-12-09 18:37:24.960243 - PARAMETER win_length : 1024 
DLL 2021-12-09 18:37:24.960258 - PARAMETER mel_fmin : 0.0 
DLL 2021-12-09 18:37:24.960273 - PARAMETER mel_fmax : 8000.0 
DLL 2021-12-09 18:37:24.960288 - PARAMETER rank : 0 
DLL 2021-12-09 18:37:24.960303 - PARAMETER world_size : 2 
DLL 2021-12-09 18:37:24.960318 - PARAMETER dist_url : tcp://localhost:23456 
DLL 2021-12-09 18:37:24.960333 - PARAMETER group_name : group_name 
DLL 2021-12-09 18:37:24.960348 - PARAMETER dist_backend : nccl 
DLL 2021-12-09 18:37:24.960364 - PARAMETER bench_class :  
DLL 2021-12-09 18:37:24.960380 - PARAMETER model_name : Tacotron2_PyT 
Initializing Distributed
Done initializing distributed
train.py:402: SyntaxWarning: "is not" with a literal. Did you mean "!="?
  if args.checkpoint_path is not "":
/opt/conda/lib/python3.8/site-packages/torch/distributed/distributed_c10d.py:144: UserWarning: torch.distributed.reduce_op is deprecated, please use torch.distributed.ReduceOp instead
  warnings.warn("torch.distributed.reduce_op is deprecated, please use "
DLL 2021-12-09 18:37:46.628783 - (0, 0) glob_iter/iters_per_epoch : 0/9 
DLL 2021-12-09 18:37:50.077647 - (0, 0) train_loss : 0.0022733912337571383 
DLL 2021-12-09 18:37:52.602269 - (0, 0) train_items_per_sec : 85711.33163399852 
DLL 2021-12-09 18:37:52.602355 - (0, 0) train_iter_time : 5.973539207001522 
DLL 2021-12-09 18:37:52.604182 - (0, 1) glob_iter/iters_per_epoch : 1/9 
DLL 2021-12-09 18:37:53.287915 - (0, 1) train_loss : 0.0023695407435297966 
DLL 2021-12-09 18:37:54.134552 - (0, 1) train_items_per_sec : 334558.3730513461 
DLL 2021-12-09 18:37:54.134618 - (0, 1) train_iter_time : 1.5303756869998324 
DLL 2021-12-09 18:37:54.136395 - (0, 2) glob_iter/iters_per_epoch : 2/9 
DLL 2021-12-09 18:37:54.520695 - (0, 2) train_loss : 0.0021477672271430492 
DLL 2021-12-09 18:37:55.381766 - (0, 2) train_items_per_sec : 411121.76458021306 
DLL 2021-12-09 18:37:55.381855 - (0, 2) train_iter_time : 1.2453731330006121 
DLL 2021-12-09 18:37:55.383381 - (0, 3) glob_iter/iters_per_epoch : 3/9 
DLL 2021-12-09 18:37:55.763995 - (0, 3) train_loss : 0.0023269725497812033 
DLL 2021-12-09 18:37:56.619136 - (0, 3) train_items_per_sec : 414320.60322466365 
DLL 2021-12-09 18:37:56.619239 - (0, 3) train_iter_time : 1.2357580000007147 
DLL 2021-12-09 18:37:56.620935 - (0, 4) glob_iter/iters_per_epoch : 4/9 
DLL 2021-12-09 18:37:56.996301 - (0, 4) train_loss : 0.002537658903747797 
DLL 2021-12-09 18:37:57.849065 - (0, 4) train_items_per_sec : 416891.56351612933 
DLL 2021-12-09 18:37:57.849148 - (0, 4) train_iter_time : 1.2281371099998069 
DLL 2021-12-09 18:37:57.850561 - (0, 5) glob_iter/iters_per_epoch : 5/9 
DLL 2021-12-09 18:37:58.229950 - (0, 5) train_loss : 0.002178272232413292 
DLL 2021-12-09 18:37:59.080123 - (0, 5) train_items_per_sec : 416406.86341709376 
DLL 2021-12-09 18:37:59.080204 - (0, 5) train_iter_time : 1.2295666689988138 
DLL 2021-12-09 18:37:59.082109 - (0, 6) glob_iter/iters_per_epoch : 6/9 
DLL 2021-12-09 18:37:59.460804 - (0, 6) train_loss : 0.0017262904439121485 
DLL 2021-12-09 18:38:00.310109 - (0, 6) train_items_per_sec : 416936.49630882114 
DLL 2021-12-09 18:38:00.310189 - (0, 6) train_iter_time : 1.228004754999347 
DLL 2021-12-09 18:38:00.311984 - (0, 7) glob_iter/iters_per_epoch : 7/9 
DLL 2021-12-09 18:38:00.687061 - (0, 7) train_loss : 0.001895241905003786 
DLL 2021-12-09 18:38:01.535630 - (0, 7) train_items_per_sec : 418420.12347914453 
DLL 2021-12-09 18:38:01.535709 - (0, 7) train_iter_time : 1.223650515999907 
DLL 2021-12-09 18:38:01.537221 - (0, 8) glob_iter/iters_per_epoch : 8/9 
DLL 2021-12-09 18:38:01.915343 - (0, 8) train_loss : 0.0024162488989531994 
DLL 2021-12-09 18:38:02.766588 - (0, 8) train_items_per_sec : 416472.74756022816 
DLL 2021-12-09 18:38:02.766670 - (0, 8) train_iter_time : 1.2293721570003981 
DLL 2021-12-09 18:38:02.829923 - (0,) train_items_per_sec : 370093.31853018206 
DLL 2021-12-09 18:38:02.830008 - (0,) train_loss : 0.0024162488989531994 
DLL 2021-12-09 18:38:02.830032 - (0,) train_epoch_time : 16.415944084999865 
/opt/conda/lib/python3.8/site-packages/torch/distributed/distributed_c10d.py:144: UserWarning: torch.distributed.reduce_op is deprecated, please use torch.distributed.ReduceOp instead
  warnings.warn("torch.distributed.reduce_op is deprecated, please use "
DLL 2021-12-09 18:38:03.593153 - (0, 9, 0) val_items_per_sec : 990424.1824490608 
DLL 2021-12-09 18:38:05.007773 - (0, 9, 1) val_items_per_sec : 203869.71144600975 
DLL 2021-12-09 18:38:05.089606 - (0,) val_loss : 0.00244903692509979 
DLL 2021-12-09 18:38:05.089731 - (0,) val_items_per_sec : 597146.9469475353 
Saving model and optimizer state at epoch 0 to ./checkpoint_WaveGlow_0.pt
|||| Updating symlink ./checkpoint_WaveGlow_last.pt to point to checkpoint_WaveGlow_0.pt
DLL 2021-12-09 18:38:09.636167 - (1, 0) glob_iter/iters_per_epoch : 9/9 
DLL 2021-12-09 18:38:10.149386 - (1, 0) train_loss : 0.0017848697025328875 
DLL 2021-12-09 18:38:11.006196 - (1, 0) train_items_per_sec : 373696.8369270399 
DLL 2021-12-09 18:38:11.006287 - (1, 0) train_iter_time : 1.370094551000875 
DLL 2021-12-09 18:38:11.008100 - (1, 1) glob_iter/iters_per_epoch : 10/9 
DLL 2021-12-09 18:38:11.386443 - (1, 1) train_loss : 0.001669038087129593 
DLL 2021-12-09 18:38:12.231468 - (1, 1) train_items_per_sec : 418513.90591953456 
DLL 2021-12-09 18:38:12.231535 - (1, 1) train_iter_time : 1.2233763149997685 
DLL 2021-12-09 18:38:12.233459 - (1, 2) glob_iter/iters_per_epoch : 11/9 
DLL 2021-12-09 18:38:12.613463 - (1, 2) train_loss : 0.0019091048743575811 
DLL 2021-12-09 18:38:13.465089 - (1, 2) train_items_per_sec : 415706.87601396214 
DLL 2021-12-09 18:38:13.465165 - (1, 2) train_iter_time : 1.2316370730004564 
DLL 2021-12-09 18:38:13.467057 - (1, 3) glob_iter/iters_per_epoch : 12/9 
DLL 2021-12-09 18:38:13.846387 - (1, 3) train_loss : 0.0020513616036623716 
DLL 2021-12-09 18:38:14.697552 - (1, 3) train_items_per_sec : 416089.7704577284 
DLL 2021-12-09 18:38:14.697616 - (1, 3) train_iter_time : 1.2305036950001522 
DLL 2021-12-09 18:38:14.699575 - (1, 4) glob_iter/iters_per_epoch : 13/9 
DLL 2021-12-09 18:38:15.082068 - (1, 4) train_loss : 0.0025073152501136065 
DLL 2021-12-09 18:38:15.932920 - (1, 4) train_items_per_sec : 415127.23582470434 
DLL 2021-12-09 18:38:15.932991 - (1, 4) train_iter_time : 1.233356802000344 
DLL 2021-12-09 18:38:15.934820 - (1, 5) glob_iter/iters_per_epoch : 14/9 
DLL 2021-12-09 18:38:16.314449 - (1, 5) train_loss : 0.002311422023922205 
DLL 2021-12-09 18:38:17.164471 - (1, 5) train_items_per_sec : 416376.31940799206 
DLL 2021-12-09 18:38:17.164539 - (1, 5) train_iter_time : 1.2296568660003686 
DLL 2021-12-09 18:38:17.166554 - (1, 6) glob_iter/iters_per_epoch : 15/9 
DLL 2021-12-09 18:38:17.545993 - (1, 6) train_loss : 0.0026755263097584248 
DLL 2021-12-09 18:38:18.395880 - (1, 6) train_items_per_sec : 416486.38209003897 
DLL 2021-12-09 18:38:18.395947 - (1, 6) train_iter_time : 1.2293319109994627 
DLL 2021-12-09 18:38:18.398076 - (1, 7) glob_iter/iters_per_epoch : 16/9 
DLL 2021-12-09 18:38:18.777300 - (1, 7) train_loss : 0.0022594297770410776 
DLL 2021-12-09 18:38:19.629366 - (1, 7) train_items_per_sec : 415822.1274588536 
DLL 2021-12-09 18:38:19.629438 - (1, 7) train_iter_time : 1.23129570600031 
DLL 2021-12-09 18:38:19.631261 - (1, 8) glob_iter/iters_per_epoch : 17/9 
DLL 2021-12-09 18:38:20.008583 - (1, 8) train_loss : 0.00196684617549181 
DLL 2021-12-09 18:38:20.858680 - (1, 8) train_items_per_sec : 417133.5378117305 
DLL 2021-12-09 18:38:20.858771 - (1, 8) train_iter_time : 1.2274246819997643 
DLL 2021-12-09 18:38:20.940049 - (1,) train_items_per_sec : 411661.4435457316 
DLL 2021-12-09 18:38:20.940133 - (1,) train_loss : 0.00196684617549181 
DLL 2021-12-09 18:38:20.940160 - (1,) train_epoch_time : 11.528669414999968 
DLL 2021-12-09 18:38:21.541475 - (1, 18, 0) val_items_per_sec : 1416170.344137843 
DLL 2021-12-09 18:38:21.766755 - (1, 18, 1) val_items_per_sec : 1288969.843755512 
DLL 2021-12-09 18:38:21.853685 - (1,) val_loss : 0.0018576491856947541 
DLL 2021-12-09 18:38:21.853822 - (1,) val_items_per_sec : 1352570.0939466776 
DLL 2021-12-09 18:38:21.856971 - () run_time : 54.103936929001065 
DLL 2021-12-09 18:38:21.857045 - () val_loss : 0.0018576491856947541 
DLL 2021-12-09 18:38:21.857092 - () train_items_per_sec : 411661.4435457316 
DONE!
