/workspace/benchmark/SpeechSynthesis/Tacotron2/tacotron2/text/__init__.py:74: SyntaxWarning: "is not" with a literal. Did you mean "!="?
  return s in _symbol_to_id and s is not '_' and s is not '~'
/workspace/benchmark/SpeechSynthesis/Tacotron2/tacotron2/text/__init__.py:74: SyntaxWarning: "is not" with a literal. Did you mean "!="?
  return s in _symbol_to_id and s is not '_' and s is not '~'
DLL 2024-09-29 05:16:42.793553 - PARAMETER output : ./ 
DLL 2024-09-29 05:16:42.793604 - PARAMETER dataset_path : /data/tacotron2/LJSpeech-1.1 
DLL 2024-09-29 05:16:42.793624 - PARAMETER model_name : Tacotron2 
DLL 2024-09-29 05:16:42.793639 - PARAMETER log_file : nvlog.json 
DLL 2024-09-29 05:16:42.793651 - PARAMETER anneal_steps : None 
DLL 2024-09-29 05:16:42.793664 - PARAMETER anneal_factor : 0.1 
DLL 2024-09-29 05:16:42.793677 - PARAMETER config_file : None 
DLL 2024-09-29 05:16:42.793688 - PARAMETER seed : None 
DLL 2024-09-29 05:16:42.793699 - PARAMETER epochs : 2 
DLL 2024-09-29 05:16:42.793711 - PARAMETER epochs_per_checkpoint : 50 
DLL 2024-09-29 05:16:42.793723 - PARAMETER checkpoint_path :  
DLL 2024-09-29 05:16:42.793733 - PARAMETER resume_from_last : False 
DLL 2024-09-29 05:16:42.793745 - PARAMETER dynamic_loss_scaling : True 
DLL 2024-09-29 05:16:42.793757 - PARAMETER amp : False 
DLL 2024-09-29 05:16:42.793768 - PARAMETER cudnn_enabled : True 
DLL 2024-09-29 05:16:42.793779 - PARAMETER cudnn_benchmark : False 
DLL 2024-09-29 05:16:42.793789 - PARAMETER disable_uniform_initialize_bn_weight : False 
DLL 2024-09-29 05:16:42.793801 - PARAMETER use_saved_learning_rate : False 
DLL 2024-09-29 05:16:42.793812 - PARAMETER learning_rate : 0.0 
DLL 2024-09-29 05:16:42.793824 - PARAMETER weight_decay : 1e-06 
DLL 2024-09-29 05:16:42.793836 - PARAMETER grad_clip_thresh : 1.0 
DLL 2024-09-29 05:16:42.793847 - PARAMETER batch_size : 256 
DLL 2024-09-29 05:16:42.793859 - PARAMETER grad_clip : 5.0 
DLL 2024-09-29 05:16:42.793870 - PARAMETER load_mel_from_disk : False 
DLL 2024-09-29 05:16:42.793880 - PARAMETER training_files : filelists/ljs_audio_text_train_subset_625_filelist.txt 
DLL 2024-09-29 05:16:42.793892 - PARAMETER validation_files : filelists/ljs_audio_text_val_filelist.txt 
DLL 2024-09-29 05:16:42.793903 - PARAMETER text_cleaners : ['english_cleaners'] 
DLL 2024-09-29 05:16:42.793918 - PARAMETER max_wav_value : 32768.0 
DLL 2024-09-29 05:16:42.793930 - PARAMETER sampling_rate : 22050 
DLL 2024-09-29 05:16:42.793940 - PARAMETER filter_length : 1024 
DLL 2024-09-29 05:16:42.793950 - PARAMETER hop_length : 256 
DLL 2024-09-29 05:16:42.793961 - PARAMETER win_length : 1024 
DLL 2024-09-29 05:16:42.793971 - PARAMETER mel_fmin : 0.0 
DLL 2024-09-29 05:16:42.793983 - PARAMETER mel_fmax : 8000.0 
DLL 2024-09-29 05:16:42.793994 - PARAMETER rank : 0 
DLL 2024-09-29 05:16:42.794005 - PARAMETER world_size : 1 
DLL 2024-09-29 05:16:42.794015 - PARAMETER dist_url : tcp://localhost:23456 
DLL 2024-09-29 05:16:42.794026 - PARAMETER group_name : group_name 
DLL 2024-09-29 05:16:42.794037 - PARAMETER dist_backend : nccl 
DLL 2024-09-29 05:16:42.794048 - PARAMETER bench_class :  
DLL 2024-09-29 05:16:42.794059 - PARAMETER model_name : Tacotron2_PyT 
DLL 2024-09-29 05:16:49.404201 - (0, 0) glob_iter/iters_per_epoch : 0/2 
DLL 2024-09-29 05:16:51.124117 - (0, 0) train_loss : 45.82025146484375 
DLL 2024-09-29 05:16:52.406279 - (0, 0) train_items_per_sec : 47344.27869048222 items/s
DLL 2024-09-29 05:16:52.406365 - (0, 0) train_iter_time : 3.0021367719891714 
DLL 2024-09-29 05:16:52.415914 - (0, 1) glob_iter/iters_per_epoch : 1/2 
DLL 2024-09-29 05:16:52.981561 - (0, 1) train_loss : 46.40427780151367 
DLL 2024-09-29 05:16:54.069671 - (0, 1) train_items_per_sec : 86019.03387043929 items/s
DLL 2024-09-29 05:16:54.069742 - (0, 1) train_iter_time : 1.653773514990462 
DLL 2024-09-29 05:16:54.088738 - (0,) train_items_per_sec : 66681.65628046075 items/s
DLL 2024-09-29 05:16:54.088802 - (0,) train_loss : 46.40427780151367 
DLL 2024-09-29 05:16:54.088822 - (0,) train_epoch_time : 9.740912296998431 
DLL 2024-09-29 05:16:56.596020 - (0, 2, 0) val_items_per_sec : 120237.87643597947 items/s
DLL 2024-09-29 05:16:56.620935 - (0,) val_loss : 45.51781463623047 None
DLL 2024-09-29 05:16:56.620987 - (0,) val_items_per_sec : 120237.87643597947 items/s
Saving model and optimizer state at epoch 0 to ./checkpoint_Tacotron2_0.pt
DLL 2024-09-29 05:17:02.343185 - (1, 0) glob_iter/iters_per_epoch : 2/2 
DLL 2024-09-29 05:17:02.977841 - (1, 0) train_loss : 47.25696563720703 
DLL 2024-09-29 05:17:04.055635 - (1, 0) train_items_per_sec : 85059.00625565906 items/s
DLL 2024-09-29 05:17:04.055725 - (1, 0) train_iter_time : 1.7126463899912778 
DLL 2024-09-29 05:17:04.063252 - (1, 1) glob_iter/iters_per_epoch : 3/2 
DLL 2024-09-29 05:17:04.607355 - (1, 1) train_loss : 45.923667907714844 
DLL 2024-09-29 05:17:05.701493 - (1, 1) train_items_per_sec : 86766.69768267268 items/s
DLL 2024-09-29 05:17:05.701565 - (1, 1) train_iter_time : 1.6382552730065072 
DLL 2024-09-29 05:17:05.749499 - (1,) train_items_per_sec : 85912.85196916587 items/s
DLL 2024-09-29 05:17:05.749568 - (1,) train_loss : 45.923667907714844 
DLL 2024-09-29 05:17:05.749590 - (1,) train_epoch_time : 8.797665905003669 
DLL 2024-09-29 05:17:08.214822 - (1, 4, 0) val_items_per_sec : 123673.03374882982 items/s
DLL 2024-09-29 05:17:08.238714 - (1,) val_loss : 45.51247787475586 None
DLL 2024-09-29 05:17:08.238766 - (1,) val_items_per_sec : 123673.03374882982 items/s
DLL 2024-09-29 05:17:08.242169 - () run_time : 25.105139405000955 s
DLL 2024-09-29 05:17:08.242217 - () val_loss : 45.51247787475586 None
DLL 2024-09-29 05:17:08.242235 - () train_loss : 45.923667907714844 
DLL 2024-09-29 05:17:08.242250 - () train_items_per_sec : 85912.85196916587 items/s
DLL 2024-09-29 05:17:08.242264 - () val_items_per_sec : 123673.03374882982 items/s
DONE!
