DLL 2024-07-28 09:34:21.760987 - PARAMETER output : ./ 
DLL 2024-07-28 09:34:21.761044 - PARAMETER dataset_path : /data/tacotron2/LJSpeech-1.1 
DLL 2024-07-28 09:34:21.761063 - PARAMETER model_name : Tacotron2 
DLL 2024-07-28 09:34:21.761077 - PARAMETER log_file : nvlog.json 
DLL 2024-07-28 09:34:21.761089 - PARAMETER anneal_steps : None 
DLL 2024-07-28 09:34:21.761103 - PARAMETER anneal_factor : 0.1 
DLL 2024-07-28 09:34:21.761116 - PARAMETER config_file : None 
DLL 2024-07-28 09:34:21.761127 - PARAMETER seed : None 
DLL 2024-07-28 09:34:21.761139 - PARAMETER epochs : 2 
DLL 2024-07-28 09:34:21.761151 - PARAMETER epochs_per_checkpoint : 50 
DLL 2024-07-28 09:34:21.761162 - PARAMETER checkpoint_path :  
DLL 2024-07-28 09:34:21.761174 - PARAMETER resume_from_last : False 
DLL 2024-07-28 09:34:21.761186 - PARAMETER dynamic_loss_scaling : True 
DLL 2024-07-28 09:34:21.761197 - PARAMETER amp : False 
DLL 2024-07-28 09:34:21.761208 - PARAMETER cudnn_enabled : True 
DLL 2024-07-28 09:34:21.761219 - PARAMETER cudnn_benchmark : False 
DLL 2024-07-28 09:34:21.761229 - PARAMETER disable_uniform_initialize_bn_weight : False 
DLL 2024-07-28 09:34:21.761240 - PARAMETER use_saved_learning_rate : False 
DLL 2024-07-28 09:34:21.761255 - PARAMETER learning_rate : 0.0 
DLL 2024-07-28 09:34:21.761267 - PARAMETER weight_decay : 1e-06 
DLL 2024-07-28 09:34:21.761280 - PARAMETER grad_clip_thresh : 1.0 
DLL 2024-07-28 09:34:21.761291 - PARAMETER batch_size : 256 
DLL 2024-07-28 09:34:21.761302 - PARAMETER grad_clip : 5.0 
DLL 2024-07-28 09:34:21.761313 - PARAMETER load_mel_from_disk : False 
DLL 2024-07-28 09:34:21.761323 - PARAMETER training_files : filelists/ljs_audio_text_train_subset_625_filelist.txt 
DLL 2024-07-28 09:34:21.761335 - PARAMETER validation_files : filelists/ljs_audio_text_val_filelist.txt 
DLL 2024-07-28 09:34:21.761348 - PARAMETER text_cleaners : ['english_cleaners'] 
DLL 2024-07-28 09:34:21.761363 - PARAMETER max_wav_value : 32768.0 
DLL 2024-07-28 09:34:21.761374 - PARAMETER sampling_rate : 22050 
DLL 2024-07-28 09:34:21.761385 - PARAMETER filter_length : 1024 
DLL 2024-07-28 09:34:21.761395 - PARAMETER hop_length : 256 
DLL 2024-07-28 09:34:21.761405 - PARAMETER win_length : 1024 
DLL 2024-07-28 09:34:21.761416 - PARAMETER mel_fmin : 0.0 
DLL 2024-07-28 09:34:21.761427 - PARAMETER mel_fmax : 8000.0 
DLL 2024-07-28 09:34:21.761437 - PARAMETER rank : 0 
DLL 2024-07-28 09:34:21.761448 - PARAMETER world_size : 1 
DLL 2024-07-28 09:34:21.761459 - PARAMETER dist_url : tcp://localhost:23456 
DLL 2024-07-28 09:34:21.761470 - PARAMETER group_name : group_name 
DLL 2024-07-28 09:34:21.761480 - PARAMETER dist_backend : nccl 
DLL 2024-07-28 09:34:21.761491 - PARAMETER bench_class :  
DLL 2024-07-28 09:34:21.761502 - PARAMETER model_name : Tacotron2_PyT 
DLL 2024-07-28 09:34:30.975791 - (0, 0) glob_iter/iters_per_epoch : 0/2 
DLL 2024-07-28 09:34:32.930508 - (0, 0) train_loss : 46.142478942871094 
DLL 2024-07-28 09:34:34.228635 - (0, 0) train_items_per_sec : 43871.56979409037 items/s
DLL 2024-07-28 09:34:34.228732 - (0, 0) train_iter_time : 3.25290388900612 
DLL 2024-07-28 09:34:34.240375 - (0, 1) glob_iter/iters_per_epoch : 1/2 
DLL 2024-07-28 09:34:34.840913 - (0, 1) train_loss : 47.33824920654297 
DLL 2024-07-28 09:34:35.933637 - (0, 1) train_items_per_sec : 86828.1478794659 items/s
DLL 2024-07-28 09:34:35.933694 - (0, 1) train_iter_time : 1.693287299000076 
DLL 2024-07-28 09:34:35.968664 - (0,) train_items_per_sec : 65349.858836778134 items/s
DLL 2024-07-28 09:34:35.968717 - (0,) train_loss : 47.33824920654297 
DLL 2024-07-28 09:34:35.968737 - (0,) train_epoch_time : 10.024758016996202 
DLL 2024-07-28 09:34:38.510105 - (0, 2, 0) val_items_per_sec : 112453.62608175224 items/s
DLL 2024-07-28 09:34:38.552256 - (0,) val_loss : 45.544010162353516 None
DLL 2024-07-28 09:34:38.552316 - (0,) val_items_per_sec : 112453.62608175224 items/s
Saving model and optimizer state at epoch 0 to ./checkpoint_Tacotron2_0.pt
Updating symlink ./checkpoint_Tacotron2_last.pt to point to checkpoint_Tacotron2_0.pt
DLL 2024-07-28 09:34:44.367699 - (1, 0) glob_iter/iters_per_epoch : 2/2 
DLL 2024-07-28 09:34:45.041530 - (1, 0) train_loss : 44.979225158691406 
DLL 2024-07-28 09:34:46.130377 - (1, 0) train_items_per_sec : 79219.77095879173 items/s
DLL 2024-07-28 09:34:46.130467 - (1, 0) train_iter_time : 1.76272915599111 
DLL 2024-07-28 09:34:46.142976 - (1, 1) glob_iter/iters_per_epoch : 3/2 
DLL 2024-07-28 09:34:46.718593 - (1, 1) train_loss : 48.25028991699219 
DLL 2024-07-28 09:34:47.800942 - (1, 1) train_items_per_sec : 89878.55513733829 items/s
DLL 2024-07-28 09:34:47.800998 - (1, 1) train_iter_time : 1.6579817040037597 
DLL 2024-07-28 09:34:47.890925 - (1,) train_items_per_sec : 84549.163048065 items/s
DLL 2024-07-28 09:34:47.891016 - (1,) train_loss : 48.25028991699219 
DLL 2024-07-28 09:34:47.891038 - (1,) train_epoch_time : 8.82077489400399 
DLL 2024-07-28 09:34:50.429331 - (1, 4, 0) val_items_per_sec : 107638.50390218197 items/s
DLL 2024-07-28 09:34:50.467080 - (1,) val_loss : 45.544532775878906 None
DLL 2024-07-28 09:34:50.467130 - (1,) val_items_per_sec : 107638.50390218197 items/s
DLL 2024-07-28 09:34:50.471493 - () run_time : 25.89889620199392 s
DLL 2024-07-28 09:34:50.471544 - () val_loss : 45.544532775878906 None
DLL 2024-07-28 09:34:50.471565 - () train_loss : 48.25028991699219 
DLL 2024-07-28 09:34:50.471581 - () train_items_per_sec : 84549.163048065 items/s
DLL 2024-07-28 09:34:50.471595 - () val_items_per_sec : 107638.50390218197 items/s
DONE!
