DLL 2024-09-29 09:05:58.432492 - PARAMETER output : ./ 
DLL 2024-09-29 09:05:58.432566 - PARAMETER dataset_path : /data/tacotron2/LJSpeech-1.1 
DLL 2024-09-29 09:05:58.432587 - PARAMETER model_name : Tacotron2 
DLL 2024-09-29 09:05:58.432602 - PARAMETER log_file : nvlog.json 
DLL 2024-09-29 09:05:58.432614 - PARAMETER anneal_steps : None 
DLL 2024-09-29 09:05:58.432627 - PARAMETER anneal_factor : 0.1 
DLL 2024-09-29 09:05:58.432639 - PARAMETER config_file : None 
DLL 2024-09-29 09:05:58.432650 - PARAMETER seed : None 
DLL 2024-09-29 09:05:58.432661 - PARAMETER epochs : 3 
DLL 2024-09-29 09:05:58.432673 - PARAMETER epochs_per_checkpoint : 50 
DLL 2024-09-29 09:05:58.432685 - PARAMETER checkpoint_path :  
DLL 2024-09-29 09:05:58.432696 - PARAMETER resume_from_last : False 
DLL 2024-09-29 09:05:58.432708 - PARAMETER dynamic_loss_scaling : True 
DLL 2024-09-29 09:05:58.432720 - PARAMETER amp : False 
DLL 2024-09-29 09:05:58.432731 - PARAMETER cudnn_enabled : True 
DLL 2024-09-29 09:05:58.432742 - PARAMETER cudnn_benchmark : False 
DLL 2024-09-29 09:05:58.432753 - PARAMETER disable_uniform_initialize_bn_weight : False 
DLL 2024-09-29 09:05:58.432764 - PARAMETER use_saved_learning_rate : False 
DLL 2024-09-29 09:05:58.432775 - PARAMETER learning_rate : 0.0 
DLL 2024-09-29 09:05:58.432787 - PARAMETER weight_decay : 1e-06 
DLL 2024-09-29 09:05:58.432799 - PARAMETER grad_clip_thresh : 1.0 
DLL 2024-09-29 09:05:58.432811 - PARAMETER batch_size : 256 
DLL 2024-09-29 09:05:58.432822 - PARAMETER grad_clip : 5.0 
DLL 2024-09-29 09:05:58.432833 - PARAMETER load_mel_from_disk : False 
DLL 2024-09-29 09:05:58.432843 - PARAMETER training_files : filelists/ljs_audio_text_train_subset_2500_filelist.txt 
DLL 2024-09-29 09:05:58.432855 - PARAMETER validation_files : filelists/ljs_audio_text_val_filelist.txt 
DLL 2024-09-29 09:05:58.432872 - PARAMETER text_cleaners : ['english_cleaners'] 
DLL 2024-09-29 09:05:58.432888 - PARAMETER max_wav_value : 32768.0 
DLL 2024-09-29 09:05:58.432900 - PARAMETER sampling_rate : 22050 
DLL 2024-09-29 09:05:58.432910 - PARAMETER filter_length : 1024 
DLL 2024-09-29 09:05:58.432921 - PARAMETER hop_length : 256 
DLL 2024-09-29 09:05:58.432931 - PARAMETER win_length : 1024 
DLL 2024-09-29 09:05:58.432942 - PARAMETER mel_fmin : 0.0 
DLL 2024-09-29 09:05:58.432953 - PARAMETER mel_fmax : 8000.0 
DLL 2024-09-29 09:05:58.432964 - PARAMETER rank : 0 
DLL 2024-09-29 09:05:58.432974 - PARAMETER world_size : 4 
DLL 2024-09-29 09:05:58.432985 - PARAMETER dist_url : tcp://localhost:23456 
DLL 2024-09-29 09:05:58.432995 - PARAMETER group_name : group_name 
DLL 2024-09-29 09:05:58.433006 - PARAMETER dist_backend : nccl 
DLL 2024-09-29 09:05:58.433016 - PARAMETER bench_class :  
DLL 2024-09-29 09:05:58.433027 - PARAMETER model_name : Tacotron2_PyT 
Initializing Distributed
Done initializing distributed
DLL 2024-09-29 09:06:15.470270 - (0, 0) glob_iter/iters_per_epoch : 0/2 
DLL 2024-09-29 09:06:18.251181 - (0, 0) train_loss : 46.98319625854492 
DLL 2024-09-29 09:06:19.600689 - (0, 0) train_items_per_sec : 141105.06501199494 items/s
DLL 2024-09-29 09:06:19.600798 - (0, 0) train_iter_time : 4.130482487998961 
DLL 2024-09-29 09:06:19.611472 - (0, 1) glob_iter/iters_per_epoch : 1/2 
DLL 2024-09-29 09:06:20.299113 - (0, 1) train_loss : 46.29936599731445 
DLL 2024-09-29 09:06:21.409137 - (0, 1) train_items_per_sec : 320364.40201666096 items/s
DLL 2024-09-29 09:06:21.409222 - (0, 1) train_iter_time : 1.797734068999489 
DLL 2024-09-29 09:06:21.456568 - (0,) train_items_per_sec : 230734.73351432796 items/s
DLL 2024-09-29 09:06:21.456690 - (0,) train_loss : 46.29936599731445 
DLL 2024-09-29 09:06:21.456726 - (0,) train_epoch_time : 11.329364995001015 
DLL 2024-09-29 09:06:22.620698 - (0, 2, 0) val_items_per_sec : 92751.42726814287 items/s
DLL 2024-09-29 09:06:22.678506 - (0,) val_loss : 47.345645904541016 None
DLL 2024-09-29 09:06:22.678559 - (0,) val_items_per_sec : 92751.42726814287 items/s
Saving model and optimizer state at epoch 0 to ./checkpoint_Tacotron2_0.pt
Updating symlink ./checkpoint_Tacotron2_last.pt to point to checkpoint_Tacotron2_0.pt
DLL 2024-09-29 09:06:29.138670 - (1, 0) glob_iter/iters_per_epoch : 2/2 
DLL 2024-09-29 09:06:29.862822 - (1, 0) train_loss : 46.32594299316406 
DLL 2024-09-29 09:06:30.978514 - (1, 0) train_items_per_sec : 312242.96302636305 items/s
DLL 2024-09-29 09:06:30.978602 - (1, 0) train_iter_time : 1.8398909440002171 
DLL 2024-09-29 09:06:30.987432 - (1, 1) glob_iter/iters_per_epoch : 3/2 
DLL 2024-09-29 09:06:31.802863 - (1, 1) train_loss : 46.506858825683594 
DLL 2024-09-29 09:06:32.962027 - (1, 1) train_items_per_sec : 291429.31466210715 items/s
DLL 2024-09-29 09:06:32.962114 - (1, 1) train_iter_time : 1.9746297680012503 
DLL 2024-09-29 09:06:33.078181 - (1,) train_items_per_sec : 301836.1388442351 items/s
DLL 2024-09-29 09:06:33.078266 - (1,) train_loss : 46.506858825683594 
DLL 2024-09-29 09:06:33.078289 - (1,) train_epoch_time : 9.81387068499862 
DLL 2024-09-29 09:06:34.176535 - (1, 4, 0) val_items_per_sec : 101329.36089057816 items/s
DLL 2024-09-29 09:06:34.227326 - (1,) val_loss : 47.32786560058594 None
DLL 2024-09-29 09:06:34.227412 - (1,) val_items_per_sec : 101329.36089057816 items/s
DLL 2024-09-29 09:06:39.758211 - (2, 0) glob_iter/iters_per_epoch : 4/2 
DLL 2024-09-29 09:06:40.934337 - (2, 0) train_loss : 46.81424331665039 
DLL 2024-09-29 09:06:42.071794 - (2, 0) train_items_per_sec : 251197.29636906213 items/s
DLL 2024-09-29 09:06:42.071911 - (2, 0) train_iter_time : 2.3136435319993325 
DLL 2024-09-29 09:06:42.080881 - (2, 1) glob_iter/iters_per_epoch : 5/2 
DLL 2024-09-29 09:06:42.740304 - (2, 1) train_loss : 46.625057220458984 
DLL 2024-09-29 09:06:43.876938 - (2, 1) train_items_per_sec : 322244.7391095822 items/s
DLL 2024-09-29 09:06:43.877063 - (2, 1) train_iter_time : 1.7960820759999478 
DLL 2024-09-29 09:06:43.994275 - (2,) train_items_per_sec : 286721.01773932215 items/s
DLL 2024-09-29 09:06:43.994390 - (2,) train_loss : 46.625057220458984 
DLL 2024-09-29 09:06:43.994413 - (2,) train_epoch_time : 9.765013806001662 
DLL 2024-09-29 09:06:45.064405 - (2, 6, 0) val_items_per_sec : 109930.4409402027 items/s
DLL 2024-09-29 09:06:45.123639 - (2,) val_loss : 47.311927795410156 None
DLL 2024-09-29 09:06:45.123741 - (2,) val_items_per_sec : 109930.4409402027 items/s
DLL 2024-09-29 09:06:45.125787 - () run_time : 42.065131313000165 s
DLL 2024-09-29 09:06:45.125837 - () val_loss : 47.311927795410156 None
DLL 2024-09-29 09:06:45.125858 - () train_loss : 46.625057220458984 
DLL 2024-09-29 09:06:45.125874 - () train_items_per_sec : 286721.01773932215 items/s
DLL 2024-09-29 09:06:45.125890 - () val_items_per_sec : 109930.4409402027 items/s
DONE!
