DLL 2024-07-28 09:34:20.088711 - PARAMETER output : ./ 
DLL 2024-07-28 09:34:20.088765 - PARAMETER dataset_path : /data/tacotron2/LJSpeech-1.1 
DLL 2024-07-28 09:34:20.088785 - PARAMETER model_name : Tacotron2 
DLL 2024-07-28 09:34:20.088798 - PARAMETER log_file : nvlog.json 
DLL 2024-07-28 09:34:20.088810 - PARAMETER anneal_steps : None 
DLL 2024-07-28 09:34:20.088823 - PARAMETER anneal_factor : 0.1 
DLL 2024-07-28 09:34:20.088836 - PARAMETER config_file : None 
DLL 2024-07-28 09:34:20.088847 - PARAMETER seed : None 
DLL 2024-07-28 09:34:20.088859 - PARAMETER epochs : 2 
DLL 2024-07-28 09:34:20.088871 - PARAMETER epochs_per_checkpoint : 50 
DLL 2024-07-28 09:34:20.088883 - PARAMETER checkpoint_path :  
DLL 2024-07-28 09:34:20.088894 - PARAMETER resume_from_last : False 
DLL 2024-07-28 09:34:20.088907 - PARAMETER dynamic_loss_scaling : True 
DLL 2024-07-28 09:34:20.088919 - PARAMETER amp : False 
DLL 2024-07-28 09:34:20.088930 - PARAMETER cudnn_enabled : True 
DLL 2024-07-28 09:34:20.088941 - PARAMETER cudnn_benchmark : False 
DLL 2024-07-28 09:34:20.088952 - PARAMETER disable_uniform_initialize_bn_weight : False 
DLL 2024-07-28 09:34:20.088964 - PARAMETER use_saved_learning_rate : False 
DLL 2024-07-28 09:34:20.088980 - PARAMETER learning_rate : 0.0 
DLL 2024-07-28 09:34:20.088991 - PARAMETER weight_decay : 1e-06 
DLL 2024-07-28 09:34:20.089004 - PARAMETER grad_clip_thresh : 1.0 
DLL 2024-07-28 09:34:20.089015 - PARAMETER batch_size : 256 
DLL 2024-07-28 09:34:20.089027 - PARAMETER grad_clip : 5.0 
DLL 2024-07-28 09:34:20.089040 - PARAMETER load_mel_from_disk : False 
DLL 2024-07-28 09:34:20.089051 - PARAMETER training_files : filelists/ljs_audio_text_train_subset_625_filelist.txt 
DLL 2024-07-28 09:34:20.089063 - PARAMETER validation_files : filelists/ljs_audio_text_val_filelist.txt 
DLL 2024-07-28 09:34:20.089074 - PARAMETER text_cleaners : ['english_cleaners'] 
DLL 2024-07-28 09:34:20.089089 - PARAMETER max_wav_value : 32768.0 
DLL 2024-07-28 09:34:20.089101 - PARAMETER sampling_rate : 22050 
DLL 2024-07-28 09:34:20.089112 - PARAMETER filter_length : 1024 
DLL 2024-07-28 09:34:20.089123 - PARAMETER hop_length : 256 
DLL 2024-07-28 09:34:20.089134 - PARAMETER win_length : 1024 
DLL 2024-07-28 09:34:20.089145 - PARAMETER mel_fmin : 0.0 
DLL 2024-07-28 09:34:20.089156 - PARAMETER mel_fmax : 8000.0 
DLL 2024-07-28 09:34:20.089167 - PARAMETER rank : 0 
DLL 2024-07-28 09:34:20.089178 - PARAMETER world_size : 1 
DLL 2024-07-28 09:34:20.089189 - PARAMETER dist_url : tcp://localhost:23456 
DLL 2024-07-28 09:34:20.089199 - PARAMETER group_name : group_name 
DLL 2024-07-28 09:34:20.089210 - PARAMETER dist_backend : nccl 
DLL 2024-07-28 09:34:20.089222 - PARAMETER bench_class :  
DLL 2024-07-28 09:34:20.089233 - PARAMETER model_name : Tacotron2_PyT 
DLL 2024-07-28 09:34:29.354154 - (0, 0) glob_iter/iters_per_epoch : 0/2 
DLL 2024-07-28 09:34:31.395928 - (0, 0) train_loss : 46.78497314453125 
DLL 2024-07-28 09:34:32.720356 - (0, 0) train_items_per_sec : 42916.22926396001 items/s
DLL 2024-07-28 09:34:32.720455 - (0, 0) train_iter_time : 3.366278968998813 
DLL 2024-07-28 09:34:32.734911 - (0, 1) glob_iter/iters_per_epoch : 1/2 
DLL 2024-07-28 09:34:33.354276 - (0, 1) train_loss : 46.93498992919922 
DLL 2024-07-28 09:34:34.457713 - (0, 1) train_items_per_sec : 85018.5524174895 items/s
DLL 2024-07-28 09:34:34.457868 - (0, 1) train_iter_time : 1.7228239700052654 
DLL 2024-07-28 09:34:34.484389 - (0,) train_items_per_sec : 63967.39084072475 items/s
DLL 2024-07-28 09:34:34.484452 - (0,) train_loss : 46.93498992919922 
DLL 2024-07-28 09:34:34.484474 - (0,) train_epoch_time : 10.202051661006408 
DLL 2024-07-28 09:34:37.045141 - (0, 2, 0) val_items_per_sec : 105841.491546666 items/s
DLL 2024-07-28 09:34:37.083810 - (0,) val_loss : 45.44076156616211 None
DLL 2024-07-28 09:34:37.083866 - (0,) val_items_per_sec : 105841.491546666 items/s
Saving model and optimizer state at epoch 0 to ./checkpoint_Tacotron2_0.pt
Updating symlink ./checkpoint_Tacotron2_last.pt to point to checkpoint_Tacotron2_0.pt
DLL 2024-07-28 09:34:42.924211 - (1, 0) glob_iter/iters_per_epoch : 2/2 
DLL 2024-07-28 09:34:43.663054 - (1, 0) train_loss : 46.17637252807617 
DLL 2024-07-28 09:34:44.749418 - (1, 0) train_items_per_sec : 78372.69388640419 items/s
DLL 2024-07-28 09:34:44.749490 - (1, 0) train_iter_time : 1.8252658280107426 
DLL 2024-07-28 09:34:44.761819 - (1, 1) glob_iter/iters_per_epoch : 3/2 
DLL 2024-07-28 09:34:45.368679 - (1, 1) train_loss : 46.82366180419922 
DLL 2024-07-28 09:34:46.474715 - (1, 1) train_items_per_sec : 85053.31105844988 items/s
DLL 2024-07-28 09:34:46.474802 - (1, 1) train_iter_time : 1.712925671992707 
DLL 2024-07-28 09:34:46.536340 - (1,) train_items_per_sec : 81713.00247242703 items/s
DLL 2024-07-28 09:34:46.536411 - (1,) train_loss : 46.82366180419922 
DLL 2024-07-28 09:34:46.536434 - (1,) train_epoch_time : 8.94825084299373 
DLL 2024-07-28 09:34:49.091534 - (1, 4, 0) val_items_per_sec : 111496.11891219878 items/s
DLL 2024-07-28 09:34:49.129139 - (1,) val_loss : 45.43471908569336 None
DLL 2024-07-28 09:34:49.129193 - (1,) val_items_per_sec : 111496.11891219878 items/s
DLL 2024-07-28 09:34:49.132920 - () run_time : 26.23096833100135 s
DLL 2024-07-28 09:34:49.132979 - () val_loss : 45.43471908569336 None
DLL 2024-07-28 09:34:49.132999 - () train_loss : 46.82366180419922 
DLL 2024-07-28 09:34:49.133015 - () train_items_per_sec : 81713.00247242703 items/s
DLL 2024-07-28 09:34:49.133029 - () val_items_per_sec : 111496.11891219878 items/s
DONE!
