DLL 2024-08-15 22:22:31.793543 - PARAMETER output : ./ 
DLL 2024-08-15 22:22:31.793610 - PARAMETER dataset_path : /data/tacotron2/LJSpeech-1.1 
DLL 2024-08-15 22:22:31.793626 - PARAMETER model_name : Tacotron2 
DLL 2024-08-15 22:22:31.793636 - PARAMETER log_file : nvlog.json 
DLL 2024-08-15 22:22:31.793645 - PARAMETER anneal_steps : None 
DLL 2024-08-15 22:22:31.793654 - PARAMETER anneal_factor : 0.1 
DLL 2024-08-15 22:22:31.793664 - PARAMETER config_file : None 
DLL 2024-08-15 22:22:31.793672 - PARAMETER seed : None 
DLL 2024-08-15 22:22:31.793680 - PARAMETER epochs : 3 
DLL 2024-08-15 22:22:31.793689 - PARAMETER epochs_per_checkpoint : 50 
DLL 2024-08-15 22:22:31.793698 - PARAMETER checkpoint_path :  
DLL 2024-08-15 22:22:31.793707 - PARAMETER resume_from_last : False 
DLL 2024-08-15 22:22:31.793716 - PARAMETER dynamic_loss_scaling : True 
DLL 2024-08-15 22:22:31.793724 - PARAMETER amp : False 
DLL 2024-08-15 22:22:31.793732 - PARAMETER cudnn_enabled : True 
DLL 2024-08-15 22:22:31.793740 - PARAMETER cudnn_benchmark : False 
DLL 2024-08-15 22:22:31.793748 - PARAMETER disable_uniform_initialize_bn_weight : False 
DLL 2024-08-15 22:22:31.793756 - PARAMETER use_saved_learning_rate : False 
DLL 2024-08-15 22:22:31.793764 - PARAMETER learning_rate : 0.0 
DLL 2024-08-15 22:22:31.793772 - PARAMETER weight_decay : 1e-06 
DLL 2024-08-15 22:22:31.793781 - PARAMETER grad_clip_thresh : 1.0 
DLL 2024-08-15 22:22:31.793789 - PARAMETER batch_size : 512 
DLL 2024-08-15 22:22:31.793802 - PARAMETER grad_clip : 5.0 
DLL 2024-08-15 22:22:31.793810 - PARAMETER load_mel_from_disk : False 
DLL 2024-08-15 22:22:31.793818 - PARAMETER training_files : filelists/ljs_audio_text_train_subset_625_filelist.txt 
DLL 2024-08-15 22:22:31.793827 - PARAMETER validation_files : filelists/ljs_audio_text_val_filelist.txt 
DLL 2024-08-15 22:22:31.793835 - PARAMETER text_cleaners : ['english_cleaners'] 
DLL 2024-08-15 22:22:31.793846 - PARAMETER max_wav_value : 32768.0 
DLL 2024-08-15 22:22:31.793855 - PARAMETER sampling_rate : 22050 
DLL 2024-08-15 22:22:31.793863 - PARAMETER filter_length : 1024 
DLL 2024-08-15 22:22:31.793871 - PARAMETER hop_length : 256 
DLL 2024-08-15 22:22:31.793879 - PARAMETER win_length : 1024 
DLL 2024-08-15 22:22:31.793886 - PARAMETER mel_fmin : 0.0 
DLL 2024-08-15 22:22:31.793894 - PARAMETER mel_fmax : 8000.0 
DLL 2024-08-15 22:22:31.793902 - PARAMETER rank : 0 
DLL 2024-08-15 22:22:31.793910 - PARAMETER world_size : 1 
DLL 2024-08-15 22:22:31.793918 - PARAMETER dist_url : tcp://localhost:23456 
DLL 2024-08-15 22:22:31.793925 - PARAMETER group_name : group_name 
DLL 2024-08-15 22:22:31.793933 - PARAMETER dist_backend : nccl 
DLL 2024-08-15 22:22:31.793941 - PARAMETER bench_class :  
DLL 2024-08-15 22:22:31.793949 - PARAMETER model_name : Tacotron2_PyT 
DLL 2024-08-15 22:22:46.686316 - (0, 0) glob_iter/iters_per_epoch : 0/1 
DLL 2024-08-15 22:22:49.544398 - (0, 0) train_loss : 46.24645233154297 
DLL 2024-08-15 22:22:51.409401 - (0, 0) train_items_per_sec : 61132.339175666544 items/s
DLL 2024-08-15 22:22:51.409532 - (0, 0) train_iter_time : 4.723212033000891 
DLL 2024-08-15 22:22:51.456697 - (0,) train_items_per_sec : 61132.339175666544 items/s
DLL 2024-08-15 22:22:51.456808 - (0,) train_loss : 46.24645233154297 
DLL 2024-08-15 22:22:51.456850 - (0,) train_epoch_time : 15.46610869199867 
DLL 2024-08-15 22:22:54.795338 - (0, 1, 0) val_items_per_sec : 84705.39210117247 items/s
DLL 2024-08-15 22:22:54.844813 - (0,) val_loss : 45.3257942199707 None
DLL 2024-08-15 22:22:54.844919 - (0,) val_items_per_sec : 84705.39210117247 items/s
Saving model and optimizer state at epoch 0 to ./checkpoint_Tacotron2_0.pt
Updating symlink ./checkpoint_Tacotron2_last.pt to point to checkpoint_Tacotron2_0.pt
DLL 2024-08-15 22:23:07.302986 - (1, 0) glob_iter/iters_per_epoch : 1/1 
DLL 2024-08-15 22:23:08.203218 - (1, 0) train_loss : 45.96533203125 
DLL 2024-08-15 22:23:09.760501 - (1, 0) train_items_per_sec : 116726.56239285751 items/s
DLL 2024-08-15 22:23:09.760601 - (1, 0) train_iter_time : 2.457641124001384 
DLL 2024-08-15 22:23:09.895588 - (1,) train_items_per_sec : 116726.56239285751 items/s
DLL 2024-08-15 22:23:09.895798 - (1,) train_loss : 45.96533203125 
DLL 2024-08-15 22:23:09.895884 - (1,) train_epoch_time : 14.167742051999085 
DLL 2024-08-15 22:23:13.325653 - (1, 2, 0) val_items_per_sec : 85035.06542597215 items/s
DLL 2024-08-15 22:23:13.374063 - (1,) val_loss : 45.33306884765625 None
DLL 2024-08-15 22:23:13.374159 - (1,) val_items_per_sec : 85035.06542597215 items/s
DLL 2024-08-15 22:23:23.512738 - (2, 0) glob_iter/iters_per_epoch : 2/1 
DLL 2024-08-15 22:23:24.444526 - (2, 0) train_loss : 46.02925491333008 
DLL 2024-08-15 22:23:25.980096 - (2, 0) train_items_per_sec : 116641.44685620359 items/s
DLL 2024-08-15 22:23:25.980227 - (2, 0) train_iter_time : 2.4674762510003347 
DLL 2024-08-15 22:23:26.122326 - (2,) train_items_per_sec : 116641.44685620359 items/s
DLL 2024-08-15 22:23:26.122557 - (2,) train_loss : 46.02925491333008 
DLL 2024-08-15 22:23:26.122637 - (2,) train_epoch_time : 12.7428793830004 
DLL 2024-08-15 22:23:29.507165 - (2, 3, 0) val_items_per_sec : 88611.14933961052 items/s
DLL 2024-08-15 22:23:29.562868 - (2,) val_loss : 45.34251022338867 None
DLL 2024-08-15 22:23:29.562962 - (2,) val_items_per_sec : 88611.14933961052 items/s
DLL 2024-08-15 22:23:29.568224 - () run_time : 54.8911954590003 s
DLL 2024-08-15 22:23:29.568287 - () val_loss : 45.34251022338867 None
DLL 2024-08-15 22:23:29.568314 - () train_loss : 46.02925491333008 
DLL 2024-08-15 22:23:29.568336 - () train_items_per_sec : 116641.44685620359 items/s
DLL 2024-08-15 22:23:29.568356 - () val_items_per_sec : 88611.14933961052 items/s
DONE!
