DLL 2020-11-01 04:44:41.054625 - PARAMETER output : ./ 
DLL 2020-11-01 04:44:41.054677 - PARAMETER dataset_path : /data/tacotron2/LJSpeech-1.1 
DLL 2020-11-01 04:44:41.054699 - PARAMETER model_name : Tacotron2 
DLL 2020-11-01 04:44:41.054715 - PARAMETER log_file : nvlog.json 
DLL 2020-11-01 04:44:41.054730 - PARAMETER anneal_steps : None 
DLL 2020-11-01 04:44:41.054745 - PARAMETER anneal_factor : 0.1 
DLL 2020-11-01 04:44:41.054763 - PARAMETER epochs : 2 
DLL 2020-11-01 04:44:41.054779 - PARAMETER epochs_per_checkpoint : 50 
DLL 2020-11-01 04:44:41.054794 - PARAMETER checkpoint_path :  
DLL 2020-11-01 04:44:41.054808 - PARAMETER resume_from_last : False 
DLL 2020-11-01 04:44:41.054823 - PARAMETER dynamic_loss_scaling : True 
DLL 2020-11-01 04:44:41.054838 - PARAMETER amp : False 
DLL 2020-11-01 04:44:41.054852 - PARAMETER cudnn_enabled : True 
DLL 2020-11-01 04:44:41.054866 - PARAMETER cudnn_benchmark : False 
DLL 2020-11-01 04:44:41.054880 - PARAMETER disable_uniform_initialize_bn_weight : False 
DLL 2020-11-01 04:44:41.054896 - PARAMETER use_saved_learning_rate : False 
DLL 2020-11-01 04:44:41.054910 - PARAMETER learning_rate : 0.0 
DLL 2020-11-01 04:44:41.054926 - PARAMETER weight_decay : 1e-06 
DLL 2020-11-01 04:44:41.054941 - PARAMETER grad_clip_thresh : 1.0 
DLL 2020-11-01 04:44:41.054956 - PARAMETER batch_size : 80 
DLL 2020-11-01 04:44:41.054970 - PARAMETER grad_clip : 5.0 
DLL 2020-11-01 04:44:41.054984 - PARAMETER load_mel_from_disk : False 
DLL 2020-11-01 04:44:41.055000 - PARAMETER training_files : filelists/ljs_audio_text_train_subset_625_filelist.txt 
DLL 2020-11-01 04:44:41.055014 - PARAMETER validation_files : filelists/ljs_audio_text_val_filelist.txt 
DLL 2020-11-01 04:44:41.055028 - PARAMETER text_cleaners : ['english_cleaners'] 
DLL 2020-11-01 04:44:41.055046 - PARAMETER max_wav_value : 32768.0 
DLL 2020-11-01 04:44:41.055062 - PARAMETER sampling_rate : 22050 
DLL 2020-11-01 04:44:41.055076 - PARAMETER filter_length : 1024 
DLL 2020-11-01 04:44:41.055090 - PARAMETER hop_length : 256 
DLL 2020-11-01 04:44:41.055104 - PARAMETER win_length : 1024 
DLL 2020-11-01 04:44:41.055117 - PARAMETER mel_fmin : 0.0 
DLL 2020-11-01 04:44:41.055131 - PARAMETER mel_fmax : 8000.0 
DLL 2020-11-01 04:44:41.055145 - PARAMETER rank : 0 
DLL 2020-11-01 04:44:41.055159 - PARAMETER world_size : 1 
DLL 2020-11-01 04:44:41.055173 - PARAMETER dist_url : tcp://localhost:23456 
DLL 2020-11-01 04:44:41.055187 - PARAMETER group_name : group_name 
DLL 2020-11-01 04:44:41.055200 - PARAMETER dist_backend : nccl 
DLL 2020-11-01 04:44:41.055216 - PARAMETER bench_class :  
DLL 2020-11-01 04:44:41.055230 - PARAMETER model_name : Tacotron2_PyT 
DLL 2020-11-01 04:44:44.696801 - (0, 0) glob_iter/iters_per_epoch : 0/7 
DLL 2020-11-01 04:44:46.863335 - (0, 0) train_loss : 47.67203140258789 
DLL 2020-11-01 04:44:48.419031 - (0, 0) train_items_per_sec : 12433.274487144217 
DLL 2020-11-01 04:44:48.419100 - (0, 0) train_iter_time : 3.722269627993228 
DLL 2020-11-01 04:44:48.422790 - (0, 1) glob_iter/iters_per_epoch : 1/7 
DLL 2020-11-01 04:44:49.182606 - (0, 1) train_loss : 45.877784729003906 
DLL 2020-11-01 04:44:50.535783 - (0, 1) train_items_per_sec : 20883.107684053066 
DLL 2020-11-01 04:44:50.535855 - (0, 1) train_iter_time : 2.1129996870004106 
DLL 2020-11-01 04:44:50.542974 - (0, 2) glob_iter/iters_per_epoch : 2/7 
DLL 2020-11-01 04:44:51.315251 - (0, 2) train_loss : 48.540035247802734 
DLL 2020-11-01 04:44:52.693601 - (0, 2) train_items_per_sec : 21933.52374458545 
DLL 2020-11-01 04:44:52.693672 - (0, 2) train_iter_time : 2.150634824996814 
DLL 2020-11-01 04:44:52.702847 - (0, 3) glob_iter/iters_per_epoch : 3/7 
DLL 2020-11-01 04:44:53.469153 - (0, 3) train_loss : 47.63856506347656 
DLL 2020-11-01 04:44:54.841652 - (0, 3) train_items_per_sec : 21112.612014374692 
DLL 2020-11-01 04:44:54.841723 - (0, 3) train_iter_time : 2.138816361009958 
DLL 2020-11-01 04:44:54.851201 - (0, 4) glob_iter/iters_per_epoch : 4/7 
DLL 2020-11-01 04:44:55.618193 - (0, 4) train_loss : 48.55356979370117 
DLL 2020-11-01 04:44:56.981925 - (0, 4) train_items_per_sec : 21638.07800976998 
DLL 2020-11-01 04:44:56.981996 - (0, 4) train_iter_time : 2.130734531005146 
DLL 2020-11-01 04:44:56.991682 - (0, 5) glob_iter/iters_per_epoch : 5/7 
DLL 2020-11-01 04:44:57.784254 - (0, 5) train_loss : 45.17816925048828 
DLL 2020-11-01 04:44:59.181820 - (0, 5) train_items_per_sec : 20148.402803339763 
DLL 2020-11-01 04:44:59.181892 - (0, 5) train_iter_time : 2.1901487889990676 
DLL 2020-11-01 04:44:59.192503 - (0, 6) glob_iter/iters_per_epoch : 6/7 
DLL 2020-11-01 04:44:59.956432 - (0, 6) train_loss : 45.0442008972168 
DLL 2020-11-01 04:45:01.401615 - (0, 6) train_items_per_sec : 19362.448133655445 
DLL 2020-11-01 04:45:01.401684 - (0, 6) train_iter_time : 2.2091214760002913 
DLL 2020-11-01 04:45:01.434545 - (0,) train_items_per_sec : 19644.492410988947 
DLL 2020-11-01 04:45:01.434579 - (0,) train_loss : 45.0442008972168 
DLL 2020-11-01 04:45:01.434600 - (0,) train_epoch_time : 17.95311296300497 
/opt/conda/lib/python3.6/site-packages/torch/functional.py:1242: UserWarning: torch.norm is deprecated and may be removed in a future PyTorch release. Use torch.linalg.norm instead.
  "torch.norm is deprecated and may be removed in a future PyTorch release. "
DLL 2020-11-01 04:45:03.330917 - (0, 7, 0) val_items_per_sec : 66152.76186700171 
DLL 2020-11-01 04:45:03.951885 - (0, 7, 1) val_items_per_sec : 19512.146215985962 
DLL 2020-11-01 04:45:03.999614 - (0,) val_loss : 47.12137794494629 
DLL 2020-11-01 04:45:03.999701 - (0,) val_items_per_sec : 42832.45404149384 
Saving model and optimizer state at epoch 0 to ./checkpoint_Tacotron2_0.pt
|||| Updating symlink ./checkpoint_Tacotron2_last.pt to point to checkpoint_Tacotron2_0.pt
DLL 2020-11-01 04:45:05.865155 - (1, 0) glob_iter/iters_per_epoch : 7/7 
DLL 2020-11-01 04:45:06.672349 - (1, 0) train_loss : 45.90656661987305 
DLL 2020-11-01 04:45:08.049385 - (1, 0) train_items_per_sec : 20343.956649012027 
DLL 2020-11-01 04:45:08.049460 - (1, 0) train_iter_time : 2.184285031995387 
DLL 2020-11-01 04:45:08.060599 - (1, 1) glob_iter/iters_per_epoch : 8/7 
DLL 2020-11-01 04:45:08.836444 - (1, 1) train_loss : 46.56712341308594 
DLL 2020-11-01 04:45:10.226813 - (1, 1) train_items_per_sec : 20838.13162783373 
DLL 2020-11-01 04:45:10.226897 - (1, 1) train_iter_time : 2.1662210799986497 
DLL 2020-11-01 04:45:10.239337 - (1, 2) glob_iter/iters_per_epoch : 9/7 
DLL 2020-11-01 04:45:11.019442 - (1, 2) train_loss : 47.55827331542969 
DLL 2020-11-01 04:45:12.423121 - (1, 2) train_items_per_sec : 21311.97650161127 
DLL 2020-11-01 04:45:12.423190 - (1, 2) train_iter_time : 2.1837955759983743 
DLL 2020-11-01 04:45:12.433583 - (1, 3) glob_iter/iters_per_epoch : 10/7 
DLL 2020-11-01 04:45:13.184861 - (1, 3) train_loss : 47.51482009887695 
DLL 2020-11-01 04:45:14.588761 - (1, 3) train_items_per_sec : 20551.3400974345 
DLL 2020-11-01 04:45:14.588830 - (1, 3) train_iter_time : 2.1551879239996197 
DLL 2020-11-01 04:45:14.600173 - (1, 4) glob_iter/iters_per_epoch : 11/7 
DLL 2020-11-01 04:45:15.429199 - (1, 4) train_loss : 46.71799087524414 
DLL 2020-11-01 04:45:16.833838 - (1, 4) train_items_per_sec : 20366.42260962553 
DLL 2020-11-01 04:45:16.833905 - (1, 4) train_iter_time : 2.233676521005691 
DLL 2020-11-01 04:45:16.845101 - (1, 5) glob_iter/iters_per_epoch : 12/7 
DLL 2020-11-01 04:45:17.604311 - (1, 5) train_loss : 46.58635711669922 
DLL 2020-11-01 04:45:18.967155 - (1, 5) train_items_per_sec : 20974.377152555673 
DLL 2020-11-01 04:45:18.967221 - (1, 5) train_iter_time : 2.1220653979980852 
DLL 2020-11-01 04:45:18.978071 - (1, 6) glob_iter/iters_per_epoch : 13/7 
DLL 2020-11-01 04:45:19.749881 - (1, 6) train_loss : 46.10321807861328 
DLL 2020-11-01 04:45:21.146912 - (1, 6) train_items_per_sec : 20645.925241281595 
DLL 2020-11-01 04:45:21.146980 - (1, 6) train_iter_time : 2.1688541189942043 
DLL 2020-11-01 04:45:21.198254 - (1,) train_items_per_sec : 20718.87569705062 
DLL 2020-11-01 04:45:21.198324 - (1,) train_loss : 46.10321807861328 
DLL 2020-11-01 04:45:21.198342 - (1,) train_epoch_time : 16.649114856001688 
DLL 2020-11-01 04:45:23.080875 - (1, 14, 0) val_items_per_sec : 67175.01064661438 
DLL 2020-11-01 04:45:23.687670 - (1, 14, 1) val_items_per_sec : 19943.443965913048 
DLL 2020-11-01 04:45:23.735166 - (1,) val_loss : 47.092214584350586 
DLL 2020-11-01 04:45:23.735215 - (1,) val_items_per_sec : 43559.22730626371 
DLL 2020-11-01 04:45:23.738261 - () run_time : 41.6786038850114 
DLL 2020-11-01 04:45:23.738304 - () val_loss : 47.092214584350586 
DLL 2020-11-01 04:45:23.738329 - () train_items_per_sec : 20718.87569705062 
DONE!
