DLL 2024-07-28 10:52:10.862581 - PARAMETER output : ./ 
DLL 2024-07-28 10:52:10.862647 - PARAMETER dataset_path : /data/tacotron2/LJSpeech-1.1 
DLL 2024-07-28 10:52:10.862667 - PARAMETER model_name : Tacotron2 
DLL 2024-07-28 10:52:10.862680 - PARAMETER log_file : nvlog.json 
DLL 2024-07-28 10:52:10.862693 - PARAMETER anneal_steps : None 
DLL 2024-07-28 10:52:10.862705 - PARAMETER anneal_factor : 0.1 
DLL 2024-07-28 10:52:10.862718 - PARAMETER config_file : None 
DLL 2024-07-28 10:52:10.862729 - PARAMETER seed : None 
DLL 2024-07-28 10:52:10.862740 - PARAMETER epochs : 2 
DLL 2024-07-28 10:52:10.862751 - PARAMETER epochs_per_checkpoint : 50 
DLL 2024-07-28 10:52:10.862762 - PARAMETER checkpoint_path :  
DLL 2024-07-28 10:52:10.862774 - PARAMETER resume_from_last : False 
DLL 2024-07-28 10:52:10.862786 - PARAMETER dynamic_loss_scaling : True 
DLL 2024-07-28 10:52:10.862798 - PARAMETER amp : False 
DLL 2024-07-28 10:52:10.862808 - PARAMETER cudnn_enabled : True 
DLL 2024-07-28 10:52:10.862819 - PARAMETER cudnn_benchmark : False 
DLL 2024-07-28 10:52:10.862829 - PARAMETER disable_uniform_initialize_bn_weight : False 
DLL 2024-07-28 10:52:10.862840 - PARAMETER use_saved_learning_rate : False 
DLL 2024-07-28 10:52:10.862856 - PARAMETER learning_rate : 0.0 
DLL 2024-07-28 10:52:10.862867 - PARAMETER weight_decay : 1e-06 
DLL 2024-07-28 10:52:10.862880 - PARAMETER grad_clip_thresh : 1.0 
DLL 2024-07-28 10:52:10.862891 - PARAMETER batch_size : 256 
DLL 2024-07-28 10:52:10.862902 - PARAMETER grad_clip : 5.0 
DLL 2024-07-28 10:52:10.862913 - PARAMETER load_mel_from_disk : False 
DLL 2024-07-28 10:52:10.862923 - PARAMETER training_files : filelists/ljs_audio_text_train_subset_2500_filelist.txt 
DLL 2024-07-28 10:52:10.862934 - PARAMETER validation_files : filelists/ljs_audio_text_val_filelist.txt 
DLL 2024-07-28 10:52:10.862945 - PARAMETER text_cleaners : ['english_cleaners'] 
DLL 2024-07-28 10:52:10.862959 - PARAMETER max_wav_value : 32768.0 
DLL 2024-07-28 10:52:10.862970 - PARAMETER sampling_rate : 22050 
DLL 2024-07-28 10:52:10.862981 - PARAMETER filter_length : 1024 
DLL 2024-07-28 10:52:10.862993 - PARAMETER hop_length : 256 
DLL 2024-07-28 10:52:10.863004 - PARAMETER win_length : 1024 
DLL 2024-07-28 10:52:10.863014 - PARAMETER mel_fmin : 0.0 
DLL 2024-07-28 10:52:10.863025 - PARAMETER mel_fmax : 8000.0 
DLL 2024-07-28 10:52:10.863036 - PARAMETER rank : 0 
DLL 2024-07-28 10:52:10.863046 - PARAMETER world_size : 8 
DLL 2024-07-28 10:52:10.863057 - PARAMETER dist_url : tcp://localhost:23456 
DLL 2024-07-28 10:52:10.863067 - PARAMETER group_name : group_name 
DLL 2024-07-28 10:52:10.863077 - PARAMETER dist_backend : nccl 
DLL 2024-07-28 10:52:10.863088 - PARAMETER bench_class :  
DLL 2024-07-28 10:52:10.863098 - PARAMETER model_name : Tacotron2_PyT 
Initializing Distributed
Done initializing distributed
DLL 2024-07-28 10:52:38.313643 - (0, 0) glob_iter/iters_per_epoch : 0/1 
DLL 2024-07-28 10:52:42.780431 - (0, 0) train_loss : 46.702545166015625 
DLL 2024-07-28 10:52:44.165176 - (0, 0) train_items_per_sec : 198025.16895725715 items/s
DLL 2024-07-28 10:52:44.165268 - (0, 0) train_iter_time : 5.851589502999559 
DLL 2024-07-28 10:52:44.203854 - (0,) train_items_per_sec : 198025.16895725715 items/s
DLL 2024-07-28 10:52:44.203933 - (0,) train_loss : 46.702545166015625 
DLL 2024-07-28 10:52:44.203956 - (0,) train_epoch_time : 11.207347053001286 
DLL 2024-07-28 10:52:45.094853 - (0, 1, 0) val_items_per_sec : 92314.95485826618 items/s
DLL 2024-07-28 10:52:45.136038 - (0,) val_loss : 47.958805084228516 None
DLL 2024-07-28 10:52:45.136103 - (0,) val_items_per_sec : 92314.95485826618 items/s
Saving model and optimizer state at epoch 0 to ./checkpoint_Tacotron2_0.pt
Updating symlink ./checkpoint_Tacotron2_last.pt to point to checkpoint_Tacotron2_0.pt
DLL 2024-07-28 10:52:51.578450 - (1, 0) glob_iter/iters_per_epoch : 1/1 
DLL 2024-07-28 10:52:52.347592 - (1, 0) train_loss : 46.408668518066406 
DLL 2024-07-28 10:52:53.611521 - (1, 0) train_items_per_sec : 565601.2370340382 items/s
DLL 2024-07-28 10:52:53.611614 - (1, 0) train_iter_time : 2.0331603340018773 
DLL 2024-07-28 10:52:53.690570 - (1,) train_items_per_sec : 565601.2370340382 items/s
DLL 2024-07-28 10:52:53.690698 - (1,) train_loss : 46.408668518066406 
DLL 2024-07-28 10:52:53.690725 - (1,) train_epoch_time : 7.9684704590035835 
DLL 2024-07-28 10:52:54.593772 - (1, 2, 0) val_items_per_sec : 93044.52383451203 items/s
DLL 2024-07-28 10:52:54.635394 - (1,) val_loss : 47.962860107421875 None
DLL 2024-07-28 10:52:54.635471 - (1,) val_items_per_sec : 93044.52383451203 items/s
DLL 2024-07-28 10:52:54.636839 - () run_time : 36.93436375600868 s
DLL 2024-07-28 10:52:54.636881 - () val_loss : 47.962860107421875 None
DLL 2024-07-28 10:52:54.636903 - () train_loss : 46.408668518066406 
DLL 2024-07-28 10:52:54.636918 - () train_items_per_sec : 565601.2370340382 items/s
DLL 2024-07-28 10:52:54.636932 - () val_items_per_sec : 93044.52383451203 items/s
DONE!
