DLL 2024-09-29 09:04:58.408897 - PARAMETER output : ./ 
DLL 2024-09-29 09:04:58.408953 - PARAMETER dataset_path : /data/tacotron2/LJSpeech-1.1 
DLL 2024-09-29 09:04:58.408973 - PARAMETER model_name : Tacotron2 
DLL 2024-09-29 09:04:58.408987 - PARAMETER log_file : nvlog.json 
DLL 2024-09-29 09:04:58.408998 - PARAMETER anneal_steps : None 
DLL 2024-09-29 09:04:58.409011 - PARAMETER anneal_factor : 0.1 
DLL 2024-09-29 09:04:58.409024 - PARAMETER config_file : None 
DLL 2024-09-29 09:04:58.409035 - PARAMETER seed : None 
DLL 2024-09-29 09:04:58.409047 - PARAMETER epochs : 3 
DLL 2024-09-29 09:04:58.409059 - PARAMETER epochs_per_checkpoint : 50 
DLL 2024-09-29 09:04:58.409070 - PARAMETER checkpoint_path :  
DLL 2024-09-29 09:04:58.409082 - PARAMETER resume_from_last : False 
DLL 2024-09-29 09:04:58.409094 - PARAMETER dynamic_loss_scaling : True 
DLL 2024-09-29 09:04:58.409105 - PARAMETER amp : False 
DLL 2024-09-29 09:04:58.409116 - PARAMETER cudnn_enabled : True 
DLL 2024-09-29 09:04:58.409127 - PARAMETER cudnn_benchmark : False 
DLL 2024-09-29 09:04:58.409139 - PARAMETER disable_uniform_initialize_bn_weight : False 
DLL 2024-09-29 09:04:58.409150 - PARAMETER use_saved_learning_rate : False 
DLL 2024-09-29 09:04:58.409161 - PARAMETER learning_rate : 0.0 
DLL 2024-09-29 09:04:58.409173 - PARAMETER weight_decay : 1e-06 
DLL 2024-09-29 09:04:58.409185 - PARAMETER grad_clip_thresh : 1.0 
DLL 2024-09-29 09:04:58.409196 - PARAMETER batch_size : 256 
DLL 2024-09-29 09:04:58.409208 - PARAMETER grad_clip : 5.0 
DLL 2024-09-29 09:04:58.409223 - PARAMETER load_mel_from_disk : False 
DLL 2024-09-29 09:04:58.409234 - PARAMETER training_files : filelists/ljs_audio_text_train_subset_2500_filelist.txt 
DLL 2024-09-29 09:04:58.409246 - PARAMETER validation_files : filelists/ljs_audio_text_val_filelist.txt 
DLL 2024-09-29 09:04:58.409257 - PARAMETER text_cleaners : ['english_cleaners'] 
DLL 2024-09-29 09:04:58.409272 - PARAMETER max_wav_value : 32768.0 
DLL 2024-09-29 09:04:58.409283 - PARAMETER sampling_rate : 22050 
DLL 2024-09-29 09:04:58.409294 - PARAMETER filter_length : 1024 
DLL 2024-09-29 09:04:58.409305 - PARAMETER hop_length : 256 
DLL 2024-09-29 09:04:58.409316 - PARAMETER win_length : 1024 
DLL 2024-09-29 09:04:58.409326 - PARAMETER mel_fmin : 0.0 
DLL 2024-09-29 09:04:58.409337 - PARAMETER mel_fmax : 8000.0 
DLL 2024-09-29 09:04:58.409348 - PARAMETER rank : 0 
DLL 2024-09-29 09:04:58.409360 - PARAMETER world_size : 4 
DLL 2024-09-29 09:04:58.409370 - PARAMETER dist_url : tcp://localhost:23456 
DLL 2024-09-29 09:04:58.409381 - PARAMETER group_name : group_name 
DLL 2024-09-29 09:04:58.409392 - PARAMETER dist_backend : nccl 
DLL 2024-09-29 09:04:58.409403 - PARAMETER bench_class :  
DLL 2024-09-29 09:04:58.409414 - PARAMETER model_name : Tacotron2_PyT 
Initializing Distributed
Done initializing distributed
DLL 2024-09-29 09:05:15.395425 - (0, 0) glob_iter/iters_per_epoch : 0/2 
DLL 2024-09-29 09:05:18.017028 - (0, 0) train_loss : 47.13971710205078 
DLL 2024-09-29 09:05:19.381291 - (0, 0) train_items_per_sec : 146221.94058435076 items/s
DLL 2024-09-29 09:05:19.381384 - (0, 0) train_iter_time : 3.9859408079992136 
DLL 2024-09-29 09:05:19.391646 - (0, 1) glob_iter/iters_per_epoch : 1/2 
DLL 2024-09-29 09:05:20.082948 - (0, 1) train_loss : 46.451927185058594 
DLL 2024-09-29 09:05:21.192067 - (0, 1) train_items_per_sec : 319883.13870733255 items/s
DLL 2024-09-29 09:05:21.192169 - (0, 1) train_iter_time : 1.8004387550008687 
DLL 2024-09-29 09:05:21.229168 - (0,) train_items_per_sec : 233052.53964584164 items/s
DLL 2024-09-29 09:05:21.229267 - (0,) train_loss : 46.451927185058594 
DLL 2024-09-29 09:05:21.229289 - (0,) train_epoch_time : 11.029601556998387 
DLL 2024-09-29 09:05:22.350219 - (0, 2, 0) val_items_per_sec : 97794.93993815815 items/s
DLL 2024-09-29 09:05:22.398881 - (0,) val_loss : 47.54407501220703 None
DLL 2024-09-29 09:05:22.398944 - (0,) val_items_per_sec : 97794.93993815815 items/s
Saving model and optimizer state at epoch 0 to ./checkpoint_Tacotron2_0.pt
Updating symlink ./checkpoint_Tacotron2_last.pt to point to checkpoint_Tacotron2_0.pt
DLL 2024-09-29 09:05:28.738092 - (1, 0) glob_iter/iters_per_epoch : 2/2 
DLL 2024-09-29 09:05:29.409895 - (1, 0) train_loss : 46.47521209716797 
DLL 2024-09-29 09:05:30.548319 - (1, 0) train_items_per_sec : 317350.5888481567 items/s
DLL 2024-09-29 09:05:30.548410 - (1, 0) train_iter_time : 1.810278664001089 
DLL 2024-09-29 09:05:30.557825 - (1, 1) glob_iter/iters_per_epoch : 3/2 
DLL 2024-09-29 09:05:31.371991 - (1, 1) train_loss : 46.65795135498047 
DLL 2024-09-29 09:05:32.531682 - (1, 1) train_items_per_sec : 291540.09645710204 items/s
DLL 2024-09-29 09:05:32.531775 - (1, 1) train_iter_time : 1.9738794320001034 
DLL 2024-09-29 09:05:32.649132 - (1,) train_items_per_sec : 304445.34265262936 items/s
DLL 2024-09-29 09:05:32.649219 - (1,) train_loss : 46.65795135498047 
DLL 2024-09-29 09:05:32.649242 - (1,) train_epoch_time : 9.708835820998502 
DLL 2024-09-29 09:05:33.717700 - (1, 4, 0) val_items_per_sec : 106680.86184337504 items/s
DLL 2024-09-29 09:05:33.764625 - (1,) val_loss : 47.529727935791016 None
DLL 2024-09-29 09:05:33.764677 - (1,) val_items_per_sec : 106680.86184337504 items/s
DLL 2024-09-29 09:05:39.380125 - (2, 0) glob_iter/iters_per_epoch : 4/2 
DLL 2024-09-29 09:05:40.361182 - (2, 0) train_loss : 46.969482421875 
DLL 2024-09-29 09:05:41.492401 - (2, 0) train_items_per_sec : 275135.3062812881 items/s
DLL 2024-09-29 09:05:41.492513 - (2, 0) train_iter_time : 2.1123461320003116 
DLL 2024-09-29 09:05:41.501671 - (2, 1) glob_iter/iters_per_epoch : 5/2 
DLL 2024-09-29 09:05:42.148133 - (2, 1) train_loss : 46.779518127441406 
DLL 2024-09-29 09:05:43.276080 - (2, 1) train_items_per_sec : 326177.52590198896 items/s
DLL 2024-09-29 09:05:43.276209 - (2, 1) train_iter_time : 1.7744263599997794 
DLL 2024-09-29 09:05:43.388655 - (2,) train_items_per_sec : 300656.4160916385 items/s
DLL 2024-09-29 09:05:43.388755 - (2,) train_loss : 46.779518127441406 
DLL 2024-09-29 09:05:43.388776 - (2,) train_epoch_time : 9.622271855998406 
DLL 2024-09-29 09:05:44.456405 - (2, 6, 0) val_items_per_sec : 111352.60094583547 items/s
DLL 2024-09-29 09:05:44.512879 - (2,) val_loss : 47.516258239746094 None
DLL 2024-09-29 09:05:44.512984 - (2,) val_items_per_sec : 111352.60094583547 items/s
DLL 2024-09-29 09:05:44.514849 - () run_time : 41.51092284600054 s
DLL 2024-09-29 09:05:44.514905 - () val_loss : 47.516258239746094 None
DLL 2024-09-29 09:05:44.514926 - () train_loss : 46.779518127441406 
DLL 2024-09-29 09:05:44.514942 - () train_items_per_sec : 300656.4160916385 items/s
DLL 2024-09-29 09:05:44.514957 - () val_items_per_sec : 111352.60094583547 items/s
DONE!
