/workspace/benchmark/SpeechSynthesis/Tacotron2/train.py:404: FutureWarning: `torch.cuda.amp.GradScaler(args...)` is deprecated. Please use `torch.amp.GradScaler('cuda', args...)` instead.
  scaler = torch.cuda.amp.GradScaler(enabled=args.amp)
DLL 2024-10-30 18:31:19.639692 - PARAMETER output : ./ 
DLL 2024-10-30 18:31:19.639740 - PARAMETER dataset_path : /data/tacotron2/LJSpeech-1.1 
DLL 2024-10-30 18:31:19.639754 - PARAMETER model_name : Tacotron2 
DLL 2024-10-30 18:31:19.639764 - PARAMETER log_file : nvlog.json 
DLL 2024-10-30 18:31:19.639773 - PARAMETER anneal_steps : None 
DLL 2024-10-30 18:31:19.639782 - PARAMETER anneal_factor : 0.1 
DLL 2024-10-30 18:31:19.639792 - PARAMETER config_file : None 
DLL 2024-10-30 18:31:19.639800 - PARAMETER seed : None 
DLL 2024-10-30 18:31:19.639808 - PARAMETER epochs : 3 
DLL 2024-10-30 18:31:19.639818 - PARAMETER epochs_per_checkpoint : 50 
DLL 2024-10-30 18:31:19.639826 - PARAMETER checkpoint_path :  
DLL 2024-10-30 18:31:19.639835 - PARAMETER resume_from_last : False 
DLL 2024-10-30 18:31:19.639844 - PARAMETER dynamic_loss_scaling : True 
DLL 2024-10-30 18:31:19.639853 - PARAMETER amp : False 
DLL 2024-10-30 18:31:19.639860 - PARAMETER cudnn_enabled : True 
DLL 2024-10-30 18:31:19.639868 - PARAMETER cudnn_benchmark : False 
DLL 2024-10-30 18:31:19.639876 - PARAMETER disable_uniform_initialize_bn_weight : False 
DLL 2024-10-30 18:31:19.639883 - PARAMETER use_saved_learning_rate : False 
DLL 2024-10-30 18:31:19.639891 - PARAMETER learning_rate : 0.0 
DLL 2024-10-30 18:31:19.639900 - PARAMETER weight_decay : 1e-06 
DLL 2024-10-30 18:31:19.639908 - PARAMETER grad_clip_thresh : 1.0 
DLL 2024-10-30 18:31:19.639915 - PARAMETER batch_size : 256 
DLL 2024-10-30 18:31:19.639924 - PARAMETER grad_clip : 5.0 
DLL 2024-10-30 18:31:19.639932 - PARAMETER load_mel_from_disk : False 
DLL 2024-10-30 18:31:19.639940 - PARAMETER training_files : filelists/ljs_audio_text_train_subset_625_filelist.txt 
DLL 2024-10-30 18:31:19.639949 - PARAMETER validation_files : filelists/ljs_audio_text_val_filelist.txt 
DLL 2024-10-30 18:31:19.639957 - PARAMETER text_cleaners : ['english_cleaners'] 
DLL 2024-10-30 18:31:19.639970 - PARAMETER max_wav_value : 32768.0 
DLL 2024-10-30 18:31:19.639978 - PARAMETER sampling_rate : 22050 
DLL 2024-10-30 18:31:19.639986 - PARAMETER filter_length : 1024 
DLL 2024-10-30 18:31:19.639994 - PARAMETER hop_length : 256 
DLL 2024-10-30 18:31:19.640002 - PARAMETER win_length : 1024 
DLL 2024-10-30 18:31:19.640009 - PARAMETER mel_fmin : 0.0 
DLL 2024-10-30 18:31:19.640018 - PARAMETER mel_fmax : 8000.0 
DLL 2024-10-30 18:31:19.640026 - PARAMETER rank : 0 
DLL 2024-10-30 18:31:19.640034 - PARAMETER world_size : 1 
DLL 2024-10-30 18:31:19.640042 - PARAMETER dist_url : tcp://localhost:23456 
DLL 2024-10-30 18:31:19.640050 - PARAMETER group_name : group_name 
DLL 2024-10-30 18:31:19.640057 - PARAMETER dist_backend : nccl 
DLL 2024-10-30 18:31:19.640066 - PARAMETER bench_class :  
DLL 2024-10-30 18:31:19.640073 - PARAMETER model_name : Tacotron2_PyT 
/workspace/benchmark/SpeechSynthesis/Tacotron2/train.py:484: FutureWarning: `torch.cuda.amp.autocast(args...)` is deprecated. Please use `torch.amp.autocast('cuda', args...)` instead.
  with torch.cuda.amp.autocast(enabled=args.amp):
DLL 2024-10-30 18:31:26.361981 - (0, 0) glob_iter/iters_per_epoch : 0/2 
DLL 2024-10-30 18:31:39.644051 - (0, 0) train_loss : 45.911376953125 
DLL 2024-10-30 18:31:41.432101 - (0, 0) train_items_per_sec : 9478.97711963852 items/s
DLL 2024-10-30 18:31:41.432185 - (0, 0) train_iter_time : 15.07019145600043 
DLL 2024-10-30 18:31:41.435379 - (0, 1) glob_iter/iters_per_epoch : 1/2 
DLL 2024-10-30 18:31:42.723122 - (0, 1) train_loss : 45.98099899291992 
DLL 2024-10-30 18:31:44.399985 - (0, 1) train_items_per_sec : 48203.84933963203 items/s
DLL 2024-10-30 18:31:44.400065 - (0, 1) train_iter_time : 2.964618011999846 
DLL 2024-10-30 18:31:44.407372 - (0,) train_items_per_sec : 28841.413229635273 items/s
DLL 2024-10-30 18:31:44.407420 - (0,) train_loss : 45.98099899291992 
DLL 2024-10-30 18:31:44.407450 - (0,) train_epoch_time : 23.227937912000016 
/workspace/benchmark/SpeechSynthesis/Tacotron2/train.py:293: FutureWarning: `torch.cuda.amp.autocast(args...)` is deprecated. Please use `torch.amp.autocast('cuda', args...)` instead.
  with torch.cuda.amp.autocast(enabled=amp_run):
DLL 2024-10-30 18:31:47.236492 - (0, 2, 0) val_items_per_sec : 67805.60357613499 items/s
DLL 2024-10-30 18:31:47.245136 - (0,) val_loss : 45.30261993408203 None
DLL 2024-10-30 18:31:47.245193 - (0,) val_items_per_sec : 67805.60357613499 items/s
Saving model and optimizer state at epoch 0 to ./checkpoint_Tacotron2_0.pt
Updating symlink ./checkpoint_Tacotron2_last.pt to point to checkpoint_Tacotron2_0.pt
DLL 2024-10-30 18:31:53.408621 - (1, 0) glob_iter/iters_per_epoch : 2/2 
DLL 2024-10-30 18:31:54.659471 - (1, 0) train_loss : 47.439937591552734 
DLL 2024-10-30 18:31:56.172786 - (1, 0) train_items_per_sec : 53111.93128231466 items/s
DLL 2024-10-30 18:31:56.172870 - (1, 0) train_iter_time : 2.7642564759999004 
DLL 2024-10-30 18:31:56.173759 - (1, 1) glob_iter/iters_per_epoch : 3/2 
DLL 2024-10-30 18:31:57.436873 - (1, 1) train_loss : 46.111148834228516 
DLL 2024-10-30 18:31:58.975363 - (1, 1) train_items_per_sec : 51052.332438569 items/s
DLL 2024-10-30 18:31:58.975455 - (1, 1) train_iter_time : 2.8016153849994225 
DLL 2024-10-30 18:31:58.986190 - (1,) train_items_per_sec : 52082.131860441834 items/s
DLL 2024-10-30 18:31:58.986248 - (1,) train_loss : 46.111148834228516 
DLL 2024-10-30 18:31:58.986262 - (1,) train_epoch_time : 10.896064388000013 
DLL 2024-10-30 18:32:01.800520 - (1, 4, 0) val_items_per_sec : 70026.13910204901 items/s
DLL 2024-10-30 18:32:01.809681 - (1,) val_loss : 45.31536102294922 None
DLL 2024-10-30 18:32:01.809732 - (1,) val_items_per_sec : 70026.13910204901 items/s
DLL 2024-10-30 18:32:07.227288 - (2, 0) glob_iter/iters_per_epoch : 4/2 
DLL 2024-10-30 18:32:08.466641 - (2, 0) train_loss : 46.52573013305664 
DLL 2024-10-30 18:32:09.973044 - (2, 0) train_items_per_sec : 52664.04989752829 items/s
DLL 2024-10-30 18:32:09.973120 - (2, 0) train_iter_time : 2.7458389599996735 
DLL 2024-10-30 18:32:09.973919 - (2, 1) glob_iter/iters_per_epoch : 5/2 
DLL 2024-10-30 18:32:10.945481 - (2, 1) train_loss : 47.530941009521484 
DLL 2024-10-30 18:32:12.510892 - (2, 1) train_items_per_sec : 57995.27010027824 items/s
DLL 2024-10-30 18:32:12.510970 - (2, 1) train_iter_time : 2.536982753000302 
DLL 2024-10-30 18:32:12.521453 - (2,) train_items_per_sec : 55329.65999890327 items/s
DLL 2024-10-30 18:32:12.521504 - (2,) train_loss : 47.530941009521484 
DLL 2024-10-30 18:32:12.521518 - (2,) train_epoch_time : 10.710825275000389 
DLL 2024-10-30 18:32:15.325255 - (2, 6, 0) val_items_per_sec : 69743.9994886255 items/s
DLL 2024-10-30 18:32:15.333725 - (2,) val_loss : 45.324283599853516 None
DLL 2024-10-30 18:32:15.333777 - (2,) val_items_per_sec : 69743.9994886255 items/s
DLL 2024-10-30 18:32:15.334513 - () run_time : 55.27322654599993 s
DLL 2024-10-30 18:32:15.334547 - () val_loss : 45.324283599853516 None
DLL 2024-10-30 18:32:15.334560 - () train_loss : 47.530941009521484 
DLL 2024-10-30 18:32:15.334577 - () train_items_per_sec : 55329.65999890327 items/s
DLL 2024-10-30 18:32:15.334586 - () val_items_per_sec : 69743.9994886255 items/s
DONE!
