/workspace/benchmark/SpeechSynthesis/Tacotron2/train.py:404: FutureWarning: `torch.cuda.amp.GradScaler(args...)` is deprecated. Please use `torch.amp.GradScaler('cuda', args...)` instead.
  scaler = torch.cuda.amp.GradScaler(enabled=args.amp)
DLL 2024-10-18 04:55:12.760667 - PARAMETER output : ./ 
DLL 2024-10-18 04:55:12.760728 - PARAMETER dataset_path : /data/tacotron2/LJSpeech-1.1 
DLL 2024-10-18 04:55:12.760742 - PARAMETER model_name : Tacotron2 
DLL 2024-10-18 04:55:12.760751 - PARAMETER log_file : nvlog.json 
DLL 2024-10-18 04:55:12.760759 - PARAMETER anneal_steps : None 
DLL 2024-10-18 04:55:12.760767 - PARAMETER anneal_factor : 0.1 
DLL 2024-10-18 04:55:12.760776 - PARAMETER config_file : None 
DLL 2024-10-18 04:55:12.760783 - PARAMETER seed : None 
DLL 2024-10-18 04:55:12.760791 - PARAMETER epochs : 3 
DLL 2024-10-18 04:55:12.760799 - PARAMETER epochs_per_checkpoint : 50 
DLL 2024-10-18 04:55:12.760806 - PARAMETER checkpoint_path :  
DLL 2024-10-18 04:55:12.760814 - PARAMETER resume_from_last : False 
DLL 2024-10-18 04:55:12.760822 - PARAMETER dynamic_loss_scaling : True 
DLL 2024-10-18 04:55:12.760830 - PARAMETER amp : False 
DLL 2024-10-18 04:55:12.760837 - PARAMETER cudnn_enabled : True 
DLL 2024-10-18 04:55:12.760844 - PARAMETER cudnn_benchmark : False 
DLL 2024-10-18 04:55:12.760851 - PARAMETER disable_uniform_initialize_bn_weight : False 
DLL 2024-10-18 04:55:12.760858 - PARAMETER use_saved_learning_rate : False 
DLL 2024-10-18 04:55:12.760865 - PARAMETER learning_rate : 0.0 
DLL 2024-10-18 04:55:12.760873 - PARAMETER weight_decay : 1e-06 
DLL 2024-10-18 04:55:12.760881 - PARAMETER grad_clip_thresh : 1.0 
DLL 2024-10-18 04:55:12.760888 - PARAMETER batch_size : 256 
DLL 2024-10-18 04:55:12.760896 - PARAMETER grad_clip : 5.0 
DLL 2024-10-18 04:55:12.760903 - PARAMETER load_mel_from_disk : False 
DLL 2024-10-18 04:55:12.760910 - PARAMETER training_files : filelists/ljs_audio_text_train_subset_625_filelist.txt 
DLL 2024-10-18 04:55:12.760918 - PARAMETER validation_files : filelists/ljs_audio_text_val_filelist.txt 
DLL 2024-10-18 04:55:12.760925 - PARAMETER text_cleaners : ['english_cleaners'] 
DLL 2024-10-18 04:55:12.760937 - PARAMETER max_wav_value : 32768.0 
DLL 2024-10-18 04:55:12.760944 - PARAMETER sampling_rate : 22050 
DLL 2024-10-18 04:55:12.760952 - PARAMETER filter_length : 1024 
DLL 2024-10-18 04:55:12.760959 - PARAMETER hop_length : 256 
DLL 2024-10-18 04:55:12.760966 - PARAMETER win_length : 1024 
DLL 2024-10-18 04:55:12.760973 - PARAMETER mel_fmin : 0.0 
DLL 2024-10-18 04:55:12.760979 - PARAMETER mel_fmax : 8000.0 
DLL 2024-10-18 04:55:12.760987 - PARAMETER rank : 0 
DLL 2024-10-18 04:55:12.760994 - PARAMETER world_size : 1 
DLL 2024-10-18 04:55:12.761001 - PARAMETER dist_url : tcp://localhost:23456 
DLL 2024-10-18 04:55:12.761008 - PARAMETER group_name : group_name 
DLL 2024-10-18 04:55:12.761015 - PARAMETER dist_backend : nccl 
DLL 2024-10-18 04:55:12.761023 - PARAMETER bench_class :  
DLL 2024-10-18 04:55:12.761030 - PARAMETER model_name : Tacotron2_PyT 
/workspace/benchmark/SpeechSynthesis/Tacotron2/train.py:484: FutureWarning: `torch.cuda.amp.autocast(args...)` is deprecated. Please use `torch.amp.autocast('cuda', args...)` instead.
  with torch.cuda.amp.autocast(enabled=args.amp):
DLL 2024-10-18 04:55:21.453037 - (0, 0) glob_iter/iters_per_epoch : 0/2 
DLL 2024-10-18 04:55:33.808290 - (0, 0) train_loss : 47.33489227294922 
DLL 2024-10-18 04:55:35.563982 - (0, 0) train_items_per_sec : 10395.205132966226 items/s
DLL 2024-10-18 04:55:35.564076 - (0, 0) train_iter_time : 14.111025047001021 
DLL 2024-10-18 04:55:35.565038 - (0, 1) glob_iter/iters_per_epoch : 1/2 
DLL 2024-10-18 04:55:36.825334 - (0, 1) train_loss : 45.58877944946289 
DLL 2024-10-18 04:55:38.436906 - (0, 1) train_items_per_sec : 49271.83153190211 items/s
DLL 2024-10-18 04:55:38.436990 - (0, 1) train_iter_time : 2.871884312000475 
DLL 2024-10-18 04:55:38.444198 - (0,) train_items_per_sec : 29833.51833243417 items/s
DLL 2024-10-18 04:55:38.444251 - (0,) train_loss : 45.58877944946289 
DLL 2024-10-18 04:55:38.444266 - (0,) train_epoch_time : 22.131406612003047 
/workspace/benchmark/SpeechSynthesis/Tacotron2/train.py:293: FutureWarning: `torch.cuda.amp.autocast(args...)` is deprecated. Please use `torch.amp.autocast('cuda', args...)` instead.
  with torch.cuda.amp.autocast(enabled=amp_run):
DLL 2024-10-18 04:55:41.311473 - (0, 2, 0) val_items_per_sec : 60286.434218048984 items/s
DLL 2024-10-18 04:55:41.320187 - (0,) val_loss : 45.466796875 None
DLL 2024-10-18 04:55:41.320239 - (0,) val_items_per_sec : 60286.434218048984 items/s
Saving model and optimizer state at epoch 0 to ./checkpoint_Tacotron2_0.pt
Updating symlink ./checkpoint_Tacotron2_last.pt to point to checkpoint_Tacotron2_0.pt
DLL 2024-10-18 04:55:46.966050 - (1, 0) glob_iter/iters_per_epoch : 2/2 
DLL 2024-10-18 04:55:48.171826 - (1, 0) train_loss : 46.43645477294922 
DLL 2024-10-18 04:55:49.658377 - (1, 0) train_items_per_sec : 53393.10974686085 items/s
DLL 2024-10-18 04:55:49.658459 - (1, 0) train_iter_time : 2.692426057998091 
DLL 2024-10-18 04:55:49.664680 - (1, 1) glob_iter/iters_per_epoch : 3/2 
DLL 2024-10-18 04:55:50.579008 - (1, 1) train_loss : 46.99106979370117 
DLL 2024-10-18 04:55:52.063026 - (1, 1) train_items_per_sec : 61155.2602541292 items/s
DLL 2024-10-18 04:55:52.063107 - (1, 1) train_iter_time : 2.3983709559979616 
DLL 2024-10-18 04:55:52.073387 - (1,) train_items_per_sec : 57274.185000495025 items/s
DLL 2024-10-18 04:55:52.073439 - (1,) train_loss : 46.99106979370117 
DLL 2024-10-18 04:55:52.073454 - (1,) train_epoch_time : 10.184484577999683 
DLL 2024-10-18 04:55:54.834401 - (1, 4, 0) val_items_per_sec : 68039.0885276951 items/s
DLL 2024-10-18 04:55:54.842652 - (1,) val_loss : 45.46123504638672 None
DLL 2024-10-18 04:55:54.842715 - (1,) val_items_per_sec : 68039.0885276951 items/s
DLL 2024-10-18 04:56:00.137846 - (2, 0) glob_iter/iters_per_epoch : 4/2 
DLL 2024-10-18 04:56:01.285860 - (2, 0) train_loss : 48.350059509277344 
DLL 2024-10-18 04:56:02.762814 - (2, 0) train_items_per_sec : 57072.25530531871 items/s
DLL 2024-10-18 04:56:02.762897 - (2, 0) train_iter_time : 2.6250583439978072 
DLL 2024-10-18 04:56:02.763895 - (2, 1) glob_iter/iters_per_epoch : 5/2 
DLL 2024-10-18 04:56:03.717609 - (2, 1) train_loss : 45.88206100463867 
DLL 2024-10-18 04:56:05.144530 - (2, 1) train_items_per_sec : 59883.623238027285 items/s
DLL 2024-10-18 04:56:05.144602 - (2, 1) train_iter_time : 2.3806508740017307 
DLL 2024-10-18 04:56:05.155229 - (2,) train_items_per_sec : 58477.93927167299 items/s
DLL 2024-10-18 04:56:05.155279 - (2,) train_loss : 45.88206100463867 
DLL 2024-10-18 04:56:05.155293 - (2,) train_epoch_time : 10.311818302005122 
DLL 2024-10-18 04:56:07.876842 - (2, 6, 0) val_items_per_sec : 72165.30485797761 items/s
DLL 2024-10-18 04:56:07.885365 - (2,) val_loss : 45.452735900878906 None
DLL 2024-10-18 04:56:07.885417 - (2,) val_items_per_sec : 72165.30485797761 items/s
DLL 2024-10-18 04:56:07.886250 - () run_time : 52.66328669399809 s
DLL 2024-10-18 04:56:07.886283 - () val_loss : 45.452735900878906 None
DLL 2024-10-18 04:56:07.886295 - () train_loss : 45.88206100463867 
DLL 2024-10-18 04:56:07.886309 - () train_items_per_sec : 58477.93927167299 items/s
DLL 2024-10-18 04:56:07.886318 - () val_items_per_sec : 72165.30485797761 items/s
DONE!
