OMP: Info #276: omp_set_nested routine deprecated, please use omp_set_max_active_levels instead.
DLL 2022-11-17 22:25:36.557172 - PARAMETER output : ./ 
DLL 2022-11-17 22:25:36.557228 - PARAMETER dataset_path : /data/tacotron2/LJSpeech-1.1 
DLL 2022-11-17 22:25:36.557251 - PARAMETER model_name : Tacotron2 
DLL 2022-11-17 22:25:36.557267 - PARAMETER log_file : nvlog.json 
DLL 2022-11-17 22:25:36.557282 - PARAMETER anneal_steps : None 
DLL 2022-11-17 22:25:36.557298 - PARAMETER anneal_factor : 0.1 
DLL 2022-11-17 22:25:36.557315 - PARAMETER config_file : None 
DLL 2022-11-17 22:25:36.557329 - PARAMETER seed : None 
DLL 2022-11-17 22:25:36.557344 - PARAMETER epochs : 3 
DLL 2022-11-17 22:25:36.557359 - PARAMETER epochs_per_checkpoint : 50 
DLL 2022-11-17 22:25:36.557373 - PARAMETER checkpoint_path :  
DLL 2022-11-17 22:25:36.557388 - PARAMETER resume_from_last : False 
DLL 2022-11-17 22:25:36.557403 - PARAMETER dynamic_loss_scaling : True 
DLL 2022-11-17 22:25:36.557418 - PARAMETER amp : False 
DLL 2022-11-17 22:25:36.557435 - PARAMETER cudnn_enabled : True 
DLL 2022-11-17 22:25:36.557450 - PARAMETER cudnn_benchmark : False 
DLL 2022-11-17 22:25:36.557464 - PARAMETER disable_uniform_initialize_bn_weight : False 
DLL 2022-11-17 22:25:36.557479 - PARAMETER use_saved_learning_rate : False 
DLL 2022-11-17 22:25:36.557493 - PARAMETER learning_rate : 0.0 
DLL 2022-11-17 22:25:36.557509 - PARAMETER weight_decay : 1e-06 
DLL 2022-11-17 22:25:36.557526 - PARAMETER grad_clip_thresh : 1.0 
DLL 2022-11-17 22:25:36.557541 - PARAMETER batch_size : 256 
DLL 2022-11-17 22:25:36.557555 - PARAMETER grad_clip : 5.0 
DLL 2022-11-17 22:25:36.557570 - PARAMETER load_mel_from_disk : False 
DLL 2022-11-17 22:25:36.557584 - PARAMETER training_files : filelists/ljs_audio_text_train_subset_625_filelist.txt 
DLL 2022-11-17 22:25:36.557601 - PARAMETER validation_files : filelists/ljs_audio_text_val_filelist.txt 
DLL 2022-11-17 22:25:36.557619 - PARAMETER text_cleaners : ['english_cleaners'] 
DLL 2022-11-17 22:25:36.557637 - PARAMETER max_wav_value : 32768.0 
DLL 2022-11-17 22:25:36.557652 - PARAMETER sampling_rate : 22050 
DLL 2022-11-17 22:25:36.557670 - PARAMETER filter_length : 1024 
DLL 2022-11-17 22:25:36.557684 - PARAMETER hop_length : 256 
DLL 2022-11-17 22:25:36.557698 - PARAMETER win_length : 1024 
DLL 2022-11-17 22:25:36.557712 - PARAMETER mel_fmin : 0.0 
DLL 2022-11-17 22:25:36.557726 - PARAMETER mel_fmax : 8000.0 
DLL 2022-11-17 22:25:36.557740 - PARAMETER rank : 0 
DLL 2022-11-17 22:25:36.557754 - PARAMETER world_size : 1 
DLL 2022-11-17 22:25:36.557768 - PARAMETER dist_url : tcp://localhost:23456 
DLL 2022-11-17 22:25:36.557782 - PARAMETER group_name : group_name 
DLL 2022-11-17 22:25:36.557796 - PARAMETER dist_backend : nccl 
DLL 2022-11-17 22:25:36.557810 - PARAMETER bench_class :  
DLL 2022-11-17 22:25:36.557824 - PARAMETER model_name : Tacotron2_PyT 
DLL 2022-11-17 22:25:44.377937 - (0, 0) glob_iter/iters_per_epoch : 0/2 
DLL 2022-11-17 22:25:49.563426 - (0, 0) train_loss : 46.3245735168457 
DLL 2022-11-17 22:25:51.305905 - (0, 0) train_items_per_sec : 20830.334322877716 items/s
DLL 2022-11-17 22:25:51.305989 - (0, 0) train_iter_time : 6.928021306000005 
DLL 2022-11-17 22:25:51.330888 - (0, 1) glob_iter/iters_per_epoch : 1/2 
DLL 2022-11-17 22:25:52.241542 - (0, 1) train_loss : 47.167137145996094 
DLL 2022-11-17 22:25:53.843059 - (0, 1) train_items_per_sec : 58427.17015484767 items/s
DLL 2022-11-17 22:25:53.843188 - (0, 1) train_iter_time : 2.5122216190000017 
DLL 2022-11-17 22:25:53.860681 - (0,) train_items_per_sec : 39628.7522388627 items/s
DLL 2022-11-17 22:25:53.860720 - (0,) train_loss : 47.167137145996094 
DLL 2022-11-17 22:25:53.860740 - (0,) train_epoch_time : 14.02695479700003 
DLL 2022-11-17 22:25:56.356404 - (0, 2, 0) val_items_per_sec : 80581.64242865145 items/s
DLL 2022-11-17 22:25:56.386498 - (0,) val_loss : 45.27436065673828 None
DLL 2022-11-17 22:25:56.386573 - (0,) val_items_per_sec : 80581.64242865145 items/s
Saving model and optimizer state at epoch 0 to ./checkpoint_Tacotron2_0.pt
Updating symlink ./checkpoint_Tacotron2_last.pt to point to checkpoint_Tacotron2_0.pt
DLL 2022-11-17 22:26:01.531377 - (1, 0) glob_iter/iters_per_epoch : 2/2 
DLL 2022-11-17 22:26:02.287270 - (1, 0) train_loss : 47.89754104614258 
DLL 2022-11-17 22:26:03.883517 - (1, 0) train_items_per_sec : 63279.109824188075 items/s
DLL 2022-11-17 22:26:03.883617 - (1, 0) train_iter_time : 2.3521822669999892 
DLL 2022-11-17 22:26:05.789964 - (1, 1) glob_iter/iters_per_epoch : 3/2 
DLL 2022-11-17 22:26:06.475250 - (1, 1) train_loss : 45.41475296020508 
DLL 2022-11-17 22:26:08.062429 - (1, 1) train_items_per_sec : 62222.38531158184 items/s
DLL 2022-11-17 22:26:08.062527 - (1, 1) train_iter_time : 2.2725101150000455 
DLL 2022-11-17 22:26:08.097022 - (1,) train_items_per_sec : 62750.74756788496 items/s
DLL 2022-11-17 22:26:08.097117 - (1,) train_loss : 45.41475296020508 
DLL 2022-11-17 22:26:08.097138 - (1,) train_epoch_time : 11.136191097999927 
DLL 2022-11-17 22:26:10.437166 - (1, 4, 0) val_items_per_sec : 106462.1413647891 items/s
DLL 2022-11-17 22:26:10.464437 - (1,) val_loss : 45.26693344116211 None
DLL 2022-11-17 22:26:10.464477 - (1,) val_items_per_sec : 106462.1413647891 items/s
DLL 2022-11-17 22:26:14.853748 - (2, 0) glob_iter/iters_per_epoch : 4/2 
DLL 2022-11-17 22:26:15.576261 - (2, 0) train_loss : 45.42151641845703 
DLL 2022-11-17 22:26:17.183743 - (2, 0) train_items_per_sec : 60698.515283055895 items/s
DLL 2022-11-17 22:26:17.183837 - (2, 0) train_iter_time : 2.330056992999971 
DLL 2022-11-17 22:26:19.139009 - (2, 1) glob_iter/iters_per_epoch : 5/2 
DLL 2022-11-17 22:26:19.837228 - (2, 1) train_loss : 46.66699981689453 
DLL 2022-11-17 22:26:21.416153 - (2, 1) train_items_per_sec : 63502.41338856801 items/s
DLL 2022-11-17 22:26:21.416246 - (2, 1) train_iter_time : 2.277173296000001 
DLL 2022-11-17 22:26:21.449708 - (2,) train_items_per_sec : 62100.46433581195 items/s
DLL 2022-11-17 22:26:21.449796 - (2,) train_loss : 46.66699981689453 
DLL 2022-11-17 22:26:21.449817 - (2,) train_epoch_time : 10.981848368000101 
DLL 2022-11-17 22:26:23.796472 - (2, 6, 0) val_items_per_sec : 106202.19220599032 items/s
DLL 2022-11-17 22:26:23.824347 - (2,) val_loss : 45.25811004638672 None
DLL 2022-11-17 22:26:23.824455 - (2,) val_items_per_sec : 106202.19220599032 items/s
DLL 2022-11-17 22:26:23.827929 - () run_time : 45.877514803000054 s
DLL 2022-11-17 22:26:23.827962 - () val_loss : 45.25811004638672 None
DLL 2022-11-17 22:26:23.827982 - () train_loss : 46.66699981689453 
DLL 2022-11-17 22:26:23.828000 - () train_items_per_sec : 62100.46433581195 items/s
DLL 2022-11-17 22:26:23.828017 - () val_items_per_sec : 106202.19220599032 items/s
DONE!
