DLL 2024-07-28 09:42:15.995925 - PARAMETER output : ./ 
DLL 2024-07-28 09:42:15.995974 - PARAMETER dataset_path : /data/tacotron2/LJSpeech-1.1 
DLL 2024-07-28 09:42:15.995990 - PARAMETER model_name : Tacotron2 
DLL 2024-07-28 09:42:15.996000 - PARAMETER log_file : nvlog.json 
DLL 2024-07-28 09:42:15.996010 - PARAMETER anneal_steps : None 
DLL 2024-07-28 09:42:15.996019 - PARAMETER anneal_factor : 0.1 
DLL 2024-07-28 09:42:15.996030 - PARAMETER config_file : None 
DLL 2024-07-28 09:42:15.996039 - PARAMETER seed : None 
DLL 2024-07-28 09:42:15.996048 - PARAMETER epochs : 3 
DLL 2024-07-28 09:42:15.996057 - PARAMETER epochs_per_checkpoint : 50 
DLL 2024-07-28 09:42:15.996066 - PARAMETER checkpoint_path :  
DLL 2024-07-28 09:42:15.996074 - PARAMETER resume_from_last : False 
DLL 2024-07-28 09:42:15.996083 - PARAMETER dynamic_loss_scaling : True 
DLL 2024-07-28 09:42:15.996092 - PARAMETER amp : False 
DLL 2024-07-28 09:42:15.996101 - PARAMETER cudnn_enabled : True 
DLL 2024-07-28 09:42:15.996109 - PARAMETER cudnn_benchmark : False 
DLL 2024-07-28 09:42:15.996118 - PARAMETER disable_uniform_initialize_bn_weight : False 
DLL 2024-07-28 09:42:15.996126 - PARAMETER use_saved_learning_rate : False 
DLL 2024-07-28 09:42:15.996135 - PARAMETER learning_rate : 0.0 
DLL 2024-07-28 09:42:15.996144 - PARAMETER weight_decay : 1e-06 
DLL 2024-07-28 09:42:15.996153 - PARAMETER grad_clip_thresh : 1.0 
DLL 2024-07-28 09:42:15.996161 - PARAMETER batch_size : 256 
DLL 2024-07-28 09:42:15.996172 - PARAMETER grad_clip : 5.0 
DLL 2024-07-28 09:42:15.996180 - PARAMETER load_mel_from_disk : False 
DLL 2024-07-28 09:42:15.996188 - PARAMETER training_files : filelists/ljs_audio_text_train_subset_625_filelist.txt 
DLL 2024-07-28 09:42:15.996196 - PARAMETER validation_files : filelists/ljs_audio_text_val_filelist.txt 
DLL 2024-07-28 09:42:15.996205 - PARAMETER text_cleaners : ['english_cleaners'] 
DLL 2024-07-28 09:42:15.996216 - PARAMETER max_wav_value : 32768.0 
DLL 2024-07-28 09:42:15.996225 - PARAMETER sampling_rate : 22050 
DLL 2024-07-28 09:42:15.996233 - PARAMETER filter_length : 1024 
DLL 2024-07-28 09:42:15.996241 - PARAMETER hop_length : 256 
DLL 2024-07-28 09:42:15.996249 - PARAMETER win_length : 1024 
DLL 2024-07-28 09:42:15.996257 - PARAMETER mel_fmin : 0.0 
DLL 2024-07-28 09:42:15.996265 - PARAMETER mel_fmax : 8000.0 
DLL 2024-07-28 09:42:15.996274 - PARAMETER rank : 0 
DLL 2024-07-28 09:42:15.996282 - PARAMETER world_size : 1 
DLL 2024-07-28 09:42:15.996290 - PARAMETER dist_url : tcp://localhost:23456 
DLL 2024-07-28 09:42:15.996298 - PARAMETER group_name : group_name 
DLL 2024-07-28 09:42:15.996307 - PARAMETER dist_backend : nccl 
DLL 2024-07-28 09:42:15.996315 - PARAMETER bench_class :  
DLL 2024-07-28 09:42:15.996323 - PARAMETER model_name : Tacotron2_PyT 
DLL 2024-07-28 09:42:23.677759 - (0, 0) glob_iter/iters_per_epoch : 0/2 
DLL 2024-07-28 09:42:25.457285 - (0, 0) train_loss : 47.76679229736328 
DLL 2024-07-28 09:42:26.756352 - (0, 0) train_items_per_sec : 47928.718228414386 items/s
DLL 2024-07-28 09:42:26.756435 - (0, 0) train_iter_time : 3.0786552500067046 
DLL 2024-07-28 09:42:26.768237 - (0, 1) glob_iter/iters_per_epoch : 1/2 
DLL 2024-07-28 09:42:27.242930 - (0, 1) train_loss : 45.86860656738281 
DLL 2024-07-28 09:42:28.310096 - (0, 1) train_items_per_sec : 91400.13959861896 items/s
DLL 2024-07-28 09:42:28.310175 - (0, 1) train_iter_time : 1.5418904240068514 
DLL 2024-07-28 09:42:28.331851 - (0,) train_items_per_sec : 69664.42891351668 items/s
DLL 2024-07-28 09:42:28.331913 - (0,) train_loss : 45.86860656738281 
DLL 2024-07-28 09:42:28.331930 - (0,) train_epoch_time : 8.296936940998421 
DLL 2024-07-28 09:42:30.187212 - (0, 2, 0) val_items_per_sec : 136691.72170965542 items/s
DLL 2024-07-28 09:42:30.224177 - (0,) val_loss : 45.40325927734375 None
DLL 2024-07-28 09:42:30.224237 - (0,) val_items_per_sec : 136691.72170965542 items/s
Saving model and optimizer state at epoch 0 to ./checkpoint_Tacotron2_0.pt
Updating symlink ./checkpoint_Tacotron2_last.pt to point to checkpoint_Tacotron2_0.pt
DLL 2024-07-28 09:42:34.630540 - (1, 0) glob_iter/iters_per_epoch : 2/2 
DLL 2024-07-28 09:42:35.196829 - (1, 0) train_loss : 46.11325454711914 
DLL 2024-07-28 09:42:36.290927 - (1, 0) train_items_per_sec : 86522.59957531882 items/s
DLL 2024-07-28 09:42:36.291003 - (1, 0) train_iter_time : 1.6604332360002445 
DLL 2024-07-28 09:42:36.301746 - (1, 1) glob_iter/iters_per_epoch : 3/2 
DLL 2024-07-28 09:42:36.763352 - (1, 1) train_loss : 47.11137771606445 
DLL 2024-07-28 09:42:37.847648 - (1, 1) train_items_per_sec : 94240.36285364759 items/s
DLL 2024-07-28 09:42:37.847707 - (1, 1) train_iter_time : 1.5459299560025102 
DLL 2024-07-28 09:42:37.903537 - (1,) train_items_per_sec : 90381.48121448321 items/s
DLL 2024-07-28 09:42:37.903612 - (1,) train_loss : 47.11137771606445 
DLL 2024-07-28 09:42:37.903631 - (1,) train_epoch_time : 7.225125430995831 
DLL 2024-07-28 09:42:39.747603 - (1, 4, 0) val_items_per_sec : 140584.30824416626 items/s
DLL 2024-07-28 09:42:39.790690 - (1,) val_loss : 45.39090347290039 None
DLL 2024-07-28 09:42:39.790741 - (1,) val_items_per_sec : 140584.30824416626 items/s
DLL 2024-07-28 09:42:43.630125 - (2, 0) glob_iter/iters_per_epoch : 4/2 
DLL 2024-07-28 09:42:44.273375 - (2, 0) train_loss : 46.220664978027344 
DLL 2024-07-28 09:42:45.378335 - (2, 0) train_items_per_sec : 81934.83253236774 items/s
DLL 2024-07-28 09:42:45.378416 - (2, 0) train_iter_time : 1.748267440998461 
DLL 2024-07-28 09:42:45.388700 - (2, 1) glob_iter/iters_per_epoch : 5/2 
DLL 2024-07-28 09:42:45.859533 - (2, 1) train_loss : 46.60623550415039 
DLL 2024-07-28 09:42:46.968033 - (2, 1) train_items_per_sec : 91524.4683229579 items/s
DLL 2024-07-28 09:42:46.968091 - (2, 1) train_iter_time : 1.5793481529981364 
DLL 2024-07-28 09:42:47.024419 - (2,) train_items_per_sec : 86729.65042766283 items/s
DLL 2024-07-28 09:42:47.024492 - (2,) train_loss : 46.60623550415039 
DLL 2024-07-28 09:42:47.024511 - (2,) train_epoch_time : 7.230537327006459 
DLL 2024-07-28 09:42:48.882646 - (2, 6, 0) val_items_per_sec : 133270.526827938 items/s
DLL 2024-07-28 09:42:48.924494 - (2,) val_loss : 45.37955093383789 None
DLL 2024-07-28 09:42:48.924548 - (2,) val_items_per_sec : 133270.526827938 items/s
DLL 2024-07-28 09:42:48.927990 - () run_time : 30.133072120996076 s
DLL 2024-07-28 09:42:48.928030 - () val_loss : 45.37955093383789 None
DLL 2024-07-28 09:42:48.928046 - () train_loss : 46.60623550415039 
DLL 2024-07-28 09:42:48.928059 - () train_items_per_sec : 86729.65042766283 items/s
DLL 2024-07-28 09:42:48.928071 - () val_items_per_sec : 133270.526827938 items/s
DONE!
