DLL 2024-09-29 10:11:42.941534 - PARAMETER output : ./ 
DLL 2024-09-29 10:11:42.941596 - PARAMETER dataset_path : /data/tacotron2/LJSpeech-1.1 
DLL 2024-09-29 10:11:42.941615 - PARAMETER model_name : Tacotron2 
DLL 2024-09-29 10:11:42.941629 - PARAMETER log_file : nvlog.json 
DLL 2024-09-29 10:11:42.941641 - PARAMETER anneal_steps : None 
DLL 2024-09-29 10:11:42.941653 - PARAMETER anneal_factor : 0.1 
DLL 2024-09-29 10:11:42.941665 - PARAMETER config_file : None 
DLL 2024-09-29 10:11:42.941675 - PARAMETER seed : None 
DLL 2024-09-29 10:11:42.941686 - PARAMETER epochs : 2 
DLL 2024-09-29 10:11:42.941698 - PARAMETER epochs_per_checkpoint : 50 
DLL 2024-09-29 10:11:42.941709 - PARAMETER checkpoint_path :  
DLL 2024-09-29 10:11:42.941720 - PARAMETER resume_from_last : False 
DLL 2024-09-29 10:11:42.941731 - PARAMETER dynamic_loss_scaling : True 
DLL 2024-09-29 10:11:42.941743 - PARAMETER amp : False 
DLL 2024-09-29 10:11:42.941753 - PARAMETER cudnn_enabled : True 
DLL 2024-09-29 10:11:42.941764 - PARAMETER cudnn_benchmark : False 
DLL 2024-09-29 10:11:42.941774 - PARAMETER disable_uniform_initialize_bn_weight : False 
DLL 2024-09-29 10:11:42.941785 - PARAMETER use_saved_learning_rate : False 
DLL 2024-09-29 10:11:42.941796 - PARAMETER learning_rate : 0.0 
DLL 2024-09-29 10:11:42.941808 - PARAMETER weight_decay : 1e-06 
DLL 2024-09-29 10:11:42.941819 - PARAMETER grad_clip_thresh : 1.0 
DLL 2024-09-29 10:11:42.941831 - PARAMETER batch_size : 256 
DLL 2024-09-29 10:11:42.941842 - PARAMETER grad_clip : 5.0 
DLL 2024-09-29 10:11:42.941853 - PARAMETER load_mel_from_disk : False 
DLL 2024-09-29 10:11:42.941864 - PARAMETER training_files : filelists/ljs_audio_text_train_subset_2500_filelist.txt 
DLL 2024-09-29 10:11:42.941875 - PARAMETER validation_files : filelists/ljs_audio_text_val_filelist.txt 
DLL 2024-09-29 10:11:42.941889 - PARAMETER text_cleaners : ['english_cleaners'] 
DLL 2024-09-29 10:11:42.941904 - PARAMETER max_wav_value : 32768.0 
DLL 2024-09-29 10:11:42.941916 - PARAMETER sampling_rate : 22050 
DLL 2024-09-29 10:11:42.941927 - PARAMETER filter_length : 1024 
DLL 2024-09-29 10:11:42.941938 - PARAMETER hop_length : 256 
DLL 2024-09-29 10:11:42.941948 - PARAMETER win_length : 1024 
DLL 2024-09-29 10:11:42.941959 - PARAMETER mel_fmin : 0.0 
DLL 2024-09-29 10:11:42.941970 - PARAMETER mel_fmax : 8000.0 
DLL 2024-09-29 10:11:42.941981 - PARAMETER rank : 0 
DLL 2024-09-29 10:11:42.941992 - PARAMETER world_size : 8 
DLL 2024-09-29 10:11:42.942003 - PARAMETER dist_url : tcp://localhost:23456 
DLL 2024-09-29 10:11:42.942014 - PARAMETER group_name : group_name 
DLL 2024-09-29 10:11:42.942025 - PARAMETER dist_backend : nccl 
DLL 2024-09-29 10:11:42.942036 - PARAMETER bench_class :  
DLL 2024-09-29 10:11:42.942046 - PARAMETER model_name : Tacotron2_PyT 
Initializing Distributed
Done initializing distributed
DLL 2024-09-29 10:12:10.604221 - (0, 0) glob_iter/iters_per_epoch : 0/1 
DLL 2024-09-29 10:12:15.017550 - (0, 0) train_loss : 46.46831512451172 
DLL 2024-09-29 10:12:16.420420 - (0, 0) train_items_per_sec : 199228.64652423287 items/s
DLL 2024-09-29 10:12:16.420559 - (0, 0) train_iter_time : 5.816241891996469 
DLL 2024-09-29 10:12:16.459436 - (0,) train_items_per_sec : 199228.64652423287 items/s
DLL 2024-09-29 10:12:16.459523 - (0,) train_loss : 46.46831512451172 
DLL 2024-09-29 10:12:16.459545 - (0,) train_epoch_time : 11.041787875998125 
DLL 2024-09-29 10:12:17.322178 - (0, 1, 0) val_items_per_sec : 97093.03829075467 items/s
DLL 2024-09-29 10:12:17.372557 - (0,) val_loss : 47.916927337646484 None
DLL 2024-09-29 10:12:17.372629 - (0,) val_items_per_sec : 97093.03829075467 items/s
Saving model and optimizer state at epoch 0 to ./checkpoint_Tacotron2_0.pt
Updating symlink ./checkpoint_Tacotron2_last.pt to point to checkpoint_Tacotron2_0.pt
DLL 2024-09-29 10:12:23.957710 - (1, 0) glob_iter/iters_per_epoch : 1/1 
DLL 2024-09-29 10:12:24.751014 - (1, 0) train_loss : 46.176185607910156 
DLL 2024-09-29 10:12:26.024942 - (1, 0) train_items_per_sec : 556271.8499798266 items/s
DLL 2024-09-29 10:12:26.025071 - (1, 0) train_iter_time : 2.0672590210015187 
DLL 2024-09-29 10:12:26.126376 - (1,) train_items_per_sec : 556271.8499798266 items/s
DLL 2024-09-29 10:12:26.126501 - (1,) train_loss : 46.176185607910156 
DLL 2024-09-29 10:12:26.126526 - (1,) train_epoch_time : 8.11934195700087 
DLL 2024-09-29 10:12:27.035834 - (1, 2, 0) val_items_per_sec : 94466.71680171856 items/s
DLL 2024-09-29 10:12:27.093833 - (1,) val_loss : 47.918888092041016 None
DLL 2024-09-29 10:12:27.093889 - (1,) val_items_per_sec : 94466.71680171856 items/s
DLL 2024-09-29 10:12:27.095213 - () run_time : 37.03811262399904 s
DLL 2024-09-29 10:12:27.095248 - () val_loss : 47.918888092041016 None
DLL 2024-09-29 10:12:27.095266 - () train_loss : 46.176185607910156 
DLL 2024-09-29 10:12:27.095282 - () train_items_per_sec : 556271.8499798266 items/s
DLL 2024-09-29 10:12:27.095296 - () val_items_per_sec : 94466.71680171856 items/s
DONE!
