DLL 2024-09-29 10:10:41.080769 - PARAMETER output : ./ 
DLL 2024-09-29 10:10:41.080826 - PARAMETER dataset_path : /data/tacotron2/LJSpeech-1.1 
DLL 2024-09-29 10:10:41.080846 - PARAMETER model_name : Tacotron2 
DLL 2024-09-29 10:10:41.080860 - PARAMETER log_file : nvlog.json 
DLL 2024-09-29 10:10:41.080872 - PARAMETER anneal_steps : None 
DLL 2024-09-29 10:10:41.080886 - PARAMETER anneal_factor : 0.1 
DLL 2024-09-29 10:10:41.080899 - PARAMETER config_file : None 
DLL 2024-09-29 10:10:41.080910 - PARAMETER seed : None 
DLL 2024-09-29 10:10:41.080921 - PARAMETER epochs : 2 
DLL 2024-09-29 10:10:41.080933 - PARAMETER epochs_per_checkpoint : 50 
DLL 2024-09-29 10:10:41.080945 - PARAMETER checkpoint_path :  
DLL 2024-09-29 10:10:41.080956 - PARAMETER resume_from_last : False 
DLL 2024-09-29 10:10:41.080968 - PARAMETER dynamic_loss_scaling : True 
DLL 2024-09-29 10:10:41.080981 - PARAMETER amp : False 
DLL 2024-09-29 10:10:41.080992 - PARAMETER cudnn_enabled : True 
DLL 2024-09-29 10:10:41.081003 - PARAMETER cudnn_benchmark : False 
DLL 2024-09-29 10:10:41.081015 - PARAMETER disable_uniform_initialize_bn_weight : False 
DLL 2024-09-29 10:10:41.081027 - PARAMETER use_saved_learning_rate : False 
DLL 2024-09-29 10:10:41.081038 - PARAMETER learning_rate : 0.0 
DLL 2024-09-29 10:10:41.081050 - PARAMETER weight_decay : 1e-06 
DLL 2024-09-29 10:10:41.081063 - PARAMETER grad_clip_thresh : 1.0 
DLL 2024-09-29 10:10:41.081074 - PARAMETER batch_size : 256 
DLL 2024-09-29 10:10:41.081086 - PARAMETER grad_clip : 5.0 
DLL 2024-09-29 10:10:41.081097 - PARAMETER load_mel_from_disk : False 
DLL 2024-09-29 10:10:41.081108 - PARAMETER training_files : filelists/ljs_audio_text_train_subset_2500_filelist.txt 
DLL 2024-09-29 10:10:41.081120 - PARAMETER validation_files : filelists/ljs_audio_text_val_filelist.txt 
DLL 2024-09-29 10:10:41.081131 - PARAMETER text_cleaners : ['english_cleaners'] 
DLL 2024-09-29 10:10:41.081147 - PARAMETER max_wav_value : 32768.0 
DLL 2024-09-29 10:10:41.081159 - PARAMETER sampling_rate : 22050 
DLL 2024-09-29 10:10:41.081170 - PARAMETER filter_length : 1024 
DLL 2024-09-29 10:10:41.081180 - PARAMETER hop_length : 256 
DLL 2024-09-29 10:10:41.081191 - PARAMETER win_length : 1024 
DLL 2024-09-29 10:10:41.081202 - PARAMETER mel_fmin : 0.0 
DLL 2024-09-29 10:10:41.081213 - PARAMETER mel_fmax : 8000.0 
DLL 2024-09-29 10:10:41.081224 - PARAMETER rank : 0 
DLL 2024-09-29 10:10:41.081234 - PARAMETER world_size : 8 
DLL 2024-09-29 10:10:41.081245 - PARAMETER dist_url : tcp://localhost:23456 
DLL 2024-09-29 10:10:41.081256 - PARAMETER group_name : group_name 
DLL 2024-09-29 10:10:41.081267 - PARAMETER dist_backend : nccl 
DLL 2024-09-29 10:10:41.081279 - PARAMETER bench_class :  
DLL 2024-09-29 10:10:41.081290 - PARAMETER model_name : Tacotron2_PyT 
Initializing Distributed
Done initializing distributed
DLL 2024-09-29 10:11:09.087852 - (0, 0) glob_iter/iters_per_epoch : 0/1 
DLL 2024-09-29 10:11:13.466741 - (0, 0) train_loss : 46.338592529296875 
DLL 2024-09-29 10:11:14.871654 - (0, 0) train_items_per_sec : 200343.15488703398 items/s
DLL 2024-09-29 10:11:14.871759 - (0, 0) train_iter_time : 5.783886155997607 
DLL 2024-09-29 10:11:14.909462 - (0,) train_items_per_sec : 200343.15488703398 items/s
DLL 2024-09-29 10:11:14.909591 - (0,) train_loss : 46.338592529296875 
DLL 2024-09-29 10:11:14.909616 - (0,) train_epoch_time : 10.955457063999347 
DLL 2024-09-29 10:11:15.784311 - (0, 1, 0) val_items_per_sec : 98027.68534858258 items/s
DLL 2024-09-29 10:11:15.829391 - (0,) val_loss : 47.826171875 None
DLL 2024-09-29 10:11:15.829486 - (0,) val_items_per_sec : 98027.68534858258 items/s
Saving model and optimizer state at epoch 0 to ./checkpoint_Tacotron2_0.pt
Updating symlink ./checkpoint_Tacotron2_last.pt to point to checkpoint_Tacotron2_0.pt
DLL 2024-09-29 10:11:22.121347 - (1, 0) glob_iter/iters_per_epoch : 1/1 
DLL 2024-09-29 10:11:22.958802 - (1, 0) train_loss : 46.045440673828125 
DLL 2024-09-29 10:11:24.231410 - (1, 0) train_items_per_sec : 544977.3512863094 items/s
DLL 2024-09-29 10:11:24.231564 - (1, 0) train_iter_time : 2.1101023689989233 
DLL 2024-09-29 10:11:24.328093 - (1,) train_items_per_sec : 544977.3512863094 items/s
DLL 2024-09-29 10:11:24.328198 - (1,) train_loss : 46.045440673828125 
DLL 2024-09-29 10:11:24.328224 - (1,) train_epoch_time : 7.877308425002411 
DLL 2024-09-29 10:11:25.311126 - (1, 2, 0) val_items_per_sec : 84100.8088364633 items/s
DLL 2024-09-29 10:11:25.354583 - (1,) val_loss : 47.82380294799805 None
DLL 2024-09-29 10:11:25.354659 - (1,) val_items_per_sec : 84100.8088364633 items/s
DLL 2024-09-29 10:11:25.356161 - () run_time : 37.463139002997195 s
DLL 2024-09-29 10:11:25.356197 - () val_loss : 47.82380294799805 None
DLL 2024-09-29 10:11:25.356215 - () train_loss : 46.045440673828125 
DLL 2024-09-29 10:11:25.356231 - () train_items_per_sec : 544977.3512863094 items/s
DLL 2024-09-29 10:11:25.356245 - () val_items_per_sec : 84100.8088364633 items/s
DONE!
