DLL 2024-07-28 09:34:21.513530 - PARAMETER output : ./ 
DLL 2024-07-28 09:34:21.513589 - PARAMETER dataset_path : /data/tacotron2/LJSpeech-1.1 
DLL 2024-07-28 09:34:21.513610 - PARAMETER model_name : Tacotron2 
DLL 2024-07-28 09:34:21.513623 - PARAMETER log_file : nvlog.json 
DLL 2024-07-28 09:34:21.513635 - PARAMETER anneal_steps : None 
DLL 2024-07-28 09:34:21.513648 - PARAMETER anneal_factor : 0.1 
DLL 2024-07-28 09:34:21.513660 - PARAMETER config_file : None 
DLL 2024-07-28 09:34:21.513671 - PARAMETER seed : None 
DLL 2024-07-28 09:34:21.513682 - PARAMETER epochs : 2 
DLL 2024-07-28 09:34:21.513694 - PARAMETER epochs_per_checkpoint : 50 
DLL 2024-07-28 09:34:21.513705 - PARAMETER checkpoint_path :  
DLL 2024-07-28 09:34:21.513716 - PARAMETER resume_from_last : False 
DLL 2024-07-28 09:34:21.513728 - PARAMETER dynamic_loss_scaling : True 
DLL 2024-07-28 09:34:21.513740 - PARAMETER amp : False 
DLL 2024-07-28 09:34:21.513751 - PARAMETER cudnn_enabled : True 
DLL 2024-07-28 09:34:21.513762 - PARAMETER cudnn_benchmark : False 
DLL 2024-07-28 09:34:21.513772 - PARAMETER disable_uniform_initialize_bn_weight : False 
DLL 2024-07-28 09:34:21.513784 - PARAMETER use_saved_learning_rate : False 
DLL 2024-07-28 09:34:21.513798 - PARAMETER learning_rate : 0.0 
DLL 2024-07-28 09:34:21.513809 - PARAMETER weight_decay : 1e-06 
DLL 2024-07-28 09:34:21.513821 - PARAMETER grad_clip_thresh : 1.0 
DLL 2024-07-28 09:34:21.513833 - PARAMETER batch_size : 256 
DLL 2024-07-28 09:34:21.513844 - PARAMETER grad_clip : 5.0 
DLL 2024-07-28 09:34:21.513856 - PARAMETER load_mel_from_disk : False 
DLL 2024-07-28 09:34:21.513866 - PARAMETER training_files : filelists/ljs_audio_text_train_subset_625_filelist.txt 
DLL 2024-07-28 09:34:21.513877 - PARAMETER validation_files : filelists/ljs_audio_text_val_filelist.txt 
DLL 2024-07-28 09:34:21.513891 - PARAMETER text_cleaners : ['english_cleaners'] 
DLL 2024-07-28 09:34:21.513905 - PARAMETER max_wav_value : 32768.0 
DLL 2024-07-28 09:34:21.513917 - PARAMETER sampling_rate : 22050 
DLL 2024-07-28 09:34:21.513928 - PARAMETER filter_length : 1024 
DLL 2024-07-28 09:34:21.513938 - PARAMETER hop_length : 256 
DLL 2024-07-28 09:34:21.513948 - PARAMETER win_length : 1024 
DLL 2024-07-28 09:34:21.513959 - PARAMETER mel_fmin : 0.0 
DLL 2024-07-28 09:34:21.513969 - PARAMETER mel_fmax : 8000.0 
DLL 2024-07-28 09:34:21.513980 - PARAMETER rank : 0 
DLL 2024-07-28 09:34:21.513991 - PARAMETER world_size : 1 
DLL 2024-07-28 09:34:21.514001 - PARAMETER dist_url : tcp://localhost:23456 
DLL 2024-07-28 09:34:21.514012 - PARAMETER group_name : group_name 
DLL 2024-07-28 09:34:21.514022 - PARAMETER dist_backend : nccl 
DLL 2024-07-28 09:34:21.514033 - PARAMETER bench_class :  
DLL 2024-07-28 09:34:21.514043 - PARAMETER model_name : Tacotron2_PyT 
DLL 2024-07-28 09:34:30.844987 - (0, 0) glob_iter/iters_per_epoch : 0/2 
DLL 2024-07-28 09:34:32.828030 - (0, 0) train_loss : 47.60555648803711 
DLL 2024-07-28 09:34:34.169621 - (0, 0) train_items_per_sec : 44279.3837228217 items/s
DLL 2024-07-28 09:34:34.169706 - (0, 0) train_iter_time : 3.3247075190010946 
DLL 2024-07-28 09:34:34.178079 - (0, 1) glob_iter/iters_per_epoch : 1/2 
DLL 2024-07-28 09:34:34.765455 - (0, 1) train_loss : 46.51853561401367 
DLL 2024-07-28 09:34:35.844560 - (0, 1) train_items_per_sec : 85986.6835964918 items/s
DLL 2024-07-28 09:34:35.844640 - (0, 1) train_iter_time : 1.6664789710048353 
DLL 2024-07-28 09:34:35.877349 - (0,) train_items_per_sec : 65133.03365965675 items/s
DLL 2024-07-28 09:34:35.877441 - (0,) train_loss : 46.51853561401367 
DLL 2024-07-28 09:34:35.877467 - (0,) train_epoch_time : 10.175262470002053 
DLL 2024-07-28 09:34:38.474840 - (0, 2, 0) val_items_per_sec : 105751.93783831499 items/s
DLL 2024-07-28 09:34:38.523858 - (0,) val_loss : 45.387672424316406 None
DLL 2024-07-28 09:34:38.523914 - (0,) val_items_per_sec : 105751.93783831499 items/s
Saving model and optimizer state at epoch 0 to ./checkpoint_Tacotron2_0.pt
Updating symlink ./checkpoint_Tacotron2_last.pt to point to checkpoint_Tacotron2_0.pt
DLL 2024-07-28 09:34:44.532381 - (1, 0) glob_iter/iters_per_epoch : 2/2 
DLL 2024-07-28 09:34:45.254052 - (1, 0) train_loss : 46.620426177978516 
DLL 2024-07-28 09:34:46.352875 - (1, 0) train_items_per_sec : 79184.1798618081 items/s
DLL 2024-07-28 09:34:46.352992 - (1, 0) train_iter_time : 1.8205530479899608 
DLL 2024-07-28 09:34:46.365777 - (1, 1) glob_iter/iters_per_epoch : 3/2 
DLL 2024-07-28 09:34:47.003975 - (1, 1) train_loss : 47.8398551940918 
DLL 2024-07-28 09:34:48.117104 - (1, 1) train_items_per_sec : 84617.03176678896 items/s
DLL 2024-07-28 09:34:48.117193 - (1, 1) train_iter_time : 1.7513495440070983 
DLL 2024-07-28 09:34:48.207241 - (1,) train_items_per_sec : 81900.60581429853 items/s
DLL 2024-07-28 09:34:48.207327 - (1,) train_loss : 47.8398551940918 
DLL 2024-07-28 09:34:48.207351 - (1,) train_epoch_time : 9.08947786099452 
DLL 2024-07-28 09:34:50.779276 - (1, 4, 0) val_items_per_sec : 107292.55356268602 items/s
DLL 2024-07-28 09:34:50.827156 - (1,) val_loss : 45.398048400878906 None
DLL 2024-07-28 09:34:50.827210 - (1,) val_items_per_sec : 107292.55356268602 items/s
DLL 2024-07-28 09:34:50.831191 - () run_time : 26.50074253299681 s
DLL 2024-07-28 09:34:50.831247 - () val_loss : 45.398048400878906 None
DLL 2024-07-28 09:34:50.831266 - () train_loss : 47.8398551940918 
DLL 2024-07-28 09:34:50.831282 - () train_items_per_sec : 81900.60581429853 items/s
DLL 2024-07-28 09:34:50.831297 - () val_items_per_sec : 107292.55356268602 items/s
DONE!
