DLL 2024-07-28 09:44:12.545120 - PARAMETER output : ./ 
DLL 2024-07-28 09:44:12.545181 - PARAMETER dataset_path : /data/tacotron2/LJSpeech-1.1 
DLL 2024-07-28 09:44:12.545201 - PARAMETER model_name : Tacotron2 
DLL 2024-07-28 09:44:12.545215 - PARAMETER log_file : nvlog.json 
DLL 2024-07-28 09:44:12.545228 - PARAMETER anneal_steps : None 
DLL 2024-07-28 09:44:12.545241 - PARAMETER anneal_factor : 0.1 
DLL 2024-07-28 09:44:12.545254 - PARAMETER config_file : None 
DLL 2024-07-28 09:44:12.545265 - PARAMETER seed : None 
DLL 2024-07-28 09:44:12.545276 - PARAMETER epochs : 3 
DLL 2024-07-28 09:44:12.545287 - PARAMETER epochs_per_checkpoint : 50 
DLL 2024-07-28 09:44:12.545299 - PARAMETER checkpoint_path :  
DLL 2024-07-28 09:44:12.545310 - PARAMETER resume_from_last : False 
DLL 2024-07-28 09:44:12.545322 - PARAMETER dynamic_loss_scaling : True 
DLL 2024-07-28 09:44:12.545333 - PARAMETER amp : False 
DLL 2024-07-28 09:44:12.545344 - PARAMETER cudnn_enabled : True 
DLL 2024-07-28 09:44:12.545354 - PARAMETER cudnn_benchmark : False 
DLL 2024-07-28 09:44:12.545365 - PARAMETER disable_uniform_initialize_bn_weight : False 
DLL 2024-07-28 09:44:12.545376 - PARAMETER use_saved_learning_rate : False 
DLL 2024-07-28 09:44:12.545387 - PARAMETER learning_rate : 0.0 
DLL 2024-07-28 09:44:12.545398 - PARAMETER weight_decay : 1e-06 
DLL 2024-07-28 09:44:12.545411 - PARAMETER grad_clip_thresh : 1.0 
DLL 2024-07-28 09:44:12.545422 - PARAMETER batch_size : 256 
DLL 2024-07-28 09:44:12.545433 - PARAMETER grad_clip : 5.0 
DLL 2024-07-28 09:44:12.545444 - PARAMETER load_mel_from_disk : False 
DLL 2024-07-28 09:44:12.545454 - PARAMETER training_files : filelists/ljs_audio_text_train_subset_625_filelist.txt 
DLL 2024-07-28 09:44:12.545465 - PARAMETER validation_files : filelists/ljs_audio_text_val_filelist.txt 
DLL 2024-07-28 09:44:12.545476 - PARAMETER text_cleaners : ['english_cleaners'] 
DLL 2024-07-28 09:44:12.545491 - PARAMETER max_wav_value : 32768.0 
DLL 2024-07-28 09:44:12.545502 - PARAMETER sampling_rate : 22050 
DLL 2024-07-28 09:44:12.545513 - PARAMETER filter_length : 1024 
DLL 2024-07-28 09:44:12.545526 - PARAMETER hop_length : 256 
DLL 2024-07-28 09:44:12.545537 - PARAMETER win_length : 1024 
DLL 2024-07-28 09:44:12.545547 - PARAMETER mel_fmin : 0.0 
DLL 2024-07-28 09:44:12.545558 - PARAMETER mel_fmax : 8000.0 
DLL 2024-07-28 09:44:12.545569 - PARAMETER rank : 0 
DLL 2024-07-28 09:44:12.545580 - PARAMETER world_size : 1 
DLL 2024-07-28 09:44:12.545590 - PARAMETER dist_url : tcp://localhost:23456 
DLL 2024-07-28 09:44:12.545600 - PARAMETER group_name : group_name 
DLL 2024-07-28 09:44:12.545611 - PARAMETER dist_backend : nccl 
DLL 2024-07-28 09:44:12.545622 - PARAMETER bench_class :  
DLL 2024-07-28 09:44:12.545633 - PARAMETER model_name : Tacotron2_PyT 
DLL 2024-07-28 09:44:21.820770 - (0, 0) glob_iter/iters_per_epoch : 0/2 
DLL 2024-07-28 09:44:23.784297 - (0, 0) train_loss : 46.95185089111328 
DLL 2024-07-28 09:44:25.123555 - (0, 0) train_items_per_sec : 43498.21703269229 items/s
DLL 2024-07-28 09:44:25.123648 - (0, 0) train_iter_time : 3.3028480200009653 
DLL 2024-07-28 09:44:25.135184 - (0, 1) glob_iter/iters_per_epoch : 1/2 
DLL 2024-07-28 09:44:25.721000 - (0, 1) train_loss : 47.2307243347168 
DLL 2024-07-28 09:44:26.824962 - (0, 1) train_items_per_sec : 86840.1046747371 items/s
DLL 2024-07-28 09:44:26.825022 - (0, 1) train_iter_time : 1.6898068070004229 
DLL 2024-07-28 09:44:26.852175 - (0,) train_items_per_sec : 65169.1608537147 items/s
DLL 2024-07-28 09:44:26.852231 - (0,) train_loss : 47.2307243347168 
DLL 2024-07-28 09:44:26.852253 - (0,) train_epoch_time : 10.106104257996776 
DLL 2024-07-28 09:44:29.413285 - (0, 2, 0) val_items_per_sec : 112109.5143223537 items/s
DLL 2024-07-28 09:44:29.460102 - (0,) val_loss : 45.53691101074219 None
DLL 2024-07-28 09:44:29.460150 - (0,) val_items_per_sec : 112109.5143223537 items/s
Saving model and optimizer state at epoch 0 to ./checkpoint_Tacotron2_0.pt
Updating symlink ./checkpoint_Tacotron2_last.pt to point to checkpoint_Tacotron2_0.pt
DLL 2024-07-28 09:44:35.405400 - (1, 0) glob_iter/iters_per_epoch : 2/2 
DLL 2024-07-28 09:44:36.065250 - (1, 0) train_loss : 47.4446907043457 
DLL 2024-07-28 09:44:37.143617 - (1, 0) train_items_per_sec : 84118.58955106852 items/s
DLL 2024-07-28 09:44:37.143679 - (1, 0) train_iter_time : 1.7382721320027485 
DLL 2024-07-28 09:44:37.151207 - (1, 1) glob_iter/iters_per_epoch : 3/2 
DLL 2024-07-28 09:44:37.722937 - (1, 1) train_loss : 46.08856964111328 
DLL 2024-07-28 09:44:38.830772 - (1, 1) train_items_per_sec : 84578.93443190912 items/s
DLL 2024-07-28 09:44:38.830834 - (1, 1) train_iter_time : 1.6795789750030963 
DLL 2024-07-28 09:44:38.916088 - (1,) train_items_per_sec : 84348.76199148882 items/s
DLL 2024-07-28 09:44:38.916162 - (1,) train_loss : 46.08856964111328 
DLL 2024-07-28 09:44:38.916184 - (1,) train_epoch_time : 9.016586010999163 
DLL 2024-07-28 09:44:41.454564 - (1, 4, 0) val_items_per_sec : 112595.45134466948 items/s
DLL 2024-07-28 09:44:41.498257 - (1,) val_loss : 45.52562713623047 None
DLL 2024-07-28 09:44:41.498311 - (1,) val_items_per_sec : 112595.45134466948 items/s
DLL 2024-07-28 09:44:46.796102 - (2, 0) glob_iter/iters_per_epoch : 4/2 
DLL 2024-07-28 09:44:47.551228 - (2, 0) train_loss : 46.54637908935547 
DLL 2024-07-28 09:44:48.660069 - (2, 0) train_items_per_sec : 77085.99943773024 items/s
DLL 2024-07-28 09:44:48.660129 - (2, 0) train_iter_time : 1.8640220149973175 
DLL 2024-07-28 09:44:48.671883 - (2, 1) glob_iter/iters_per_epoch : 5/2 
DLL 2024-07-28 09:44:49.248878 - (2, 1) train_loss : 46.44401931762695 
DLL 2024-07-28 09:44:50.336021 - (2, 1) train_items_per_sec : 86300.94427447188 items/s
DLL 2024-07-28 09:44:50.336079 - (2, 1) train_iter_time : 1.6641532860085135 
DLL 2024-07-28 09:44:50.416481 - (2,) train_items_per_sec : 81693.47185610107 items/s
DLL 2024-07-28 09:44:50.416536 - (2,) train_loss : 46.44401931762695 
DLL 2024-07-28 09:44:50.416557 - (2,) train_epoch_time : 8.91404921200592 
DLL 2024-07-28 09:44:52.923497 - (2, 6, 0) val_items_per_sec : 114764.53306002039 items/s
DLL 2024-07-28 09:44:52.959983 - (2,) val_loss : 45.515480041503906 None
DLL 2024-07-28 09:44:52.960034 - (2,) val_items_per_sec : 114764.53306002039 items/s
DLL 2024-07-28 09:44:52.964036 - () run_time : 37.591573375990265 s
DLL 2024-07-28 09:44:52.964090 - () val_loss : 45.515480041503906 None
DLL 2024-07-28 09:44:52.964111 - () train_loss : 46.44401931762695 
DLL 2024-07-28 09:44:52.964127 - () train_items_per_sec : 81693.47185610107 items/s
DLL 2024-07-28 09:44:52.964142 - () val_items_per_sec : 114764.53306002039 items/s
DONE!
