OMP: Info #276: omp_set_nested routine deprecated, please use omp_set_max_active_levels instead.
OMP: Info #276: omp_set_nested routine deprecated, please use omp_set_max_active_levels instead.
OMP: Info #276: omp_set_nested routine deprecated, please use omp_set_max_active_levels instead.
OMP: Info #276: omp_set_nested routine deprecated, please use omp_set_max_active_levels instead.
DLL 2022-11-19 21:02:47.171694 - PARAMETER output : ./ 
DLL 2022-11-19 21:02:47.171763 - PARAMETER dataset_path : /data/tacotron2/LJSpeech-1.1 
DLL 2022-11-19 21:02:47.171786 - PARAMETER model_name : Tacotron2 
DLL 2022-11-19 21:02:47.171802 - PARAMETER log_file : nvlog.json 
DLL 2022-11-19 21:02:47.171818 - PARAMETER anneal_steps : None 
DLL 2022-11-19 21:02:47.171833 - PARAMETER anneal_factor : 0.1 
DLL 2022-11-19 21:02:47.171850 - PARAMETER config_file : None 
DLL 2022-11-19 21:02:47.171865 - PARAMETER seed : None 
DLL 2022-11-19 21:02:47.171879 - PARAMETER epochs : 3 
DLL 2022-11-19 21:02:47.171894 - PARAMETER epochs_per_checkpoint : 50 
DLL 2022-11-19 21:02:47.171922 - PARAMETER checkpoint_path :  
DLL 2022-11-19 21:02:47.171937 - PARAMETER resume_from_last : False 
DLL 2022-11-19 21:02:47.171953 - PARAMETER dynamic_loss_scaling : True 
DLL 2022-11-19 21:02:47.171967 - PARAMETER amp : False 
DLL 2022-11-19 21:02:47.171982 - PARAMETER cudnn_enabled : True 
DLL 2022-11-19 21:02:47.171996 - PARAMETER cudnn_benchmark : False 
DLL 2022-11-19 21:02:47.172010 - PARAMETER disable_uniform_initialize_bn_weight : False 
DLL 2022-11-19 21:02:47.172027 - PARAMETER use_saved_learning_rate : False 
DLL 2022-11-19 21:02:47.172041 - PARAMETER learning_rate : 0.0 
DLL 2022-11-19 21:02:47.172057 - PARAMETER weight_decay : 1e-06 
DLL 2022-11-19 21:02:47.172074 - PARAMETER grad_clip_thresh : 1.0 
DLL 2022-11-19 21:02:47.172089 - PARAMETER batch_size : 256 
DLL 2022-11-19 21:02:47.172107 - PARAMETER grad_clip : 5.0 
DLL 2022-11-19 21:02:47.172122 - PARAMETER load_mel_from_disk : False 
DLL 2022-11-19 21:02:47.172136 - PARAMETER training_files : filelists/ljs_audio_text_train_subset_2500_filelist.txt 
DLL 2022-11-19 21:02:47.172153 - PARAMETER validation_files : filelists/ljs_audio_text_val_filelist.txt 
DLL 2022-11-19 21:02:47.172167 - PARAMETER text_cleaners : ['english_cleaners'] 
DLL 2022-11-19 21:02:47.172188 - PARAMETER max_wav_value : 32768.0 
DLL 2022-11-19 21:02:47.172203 - PARAMETER sampling_rate : 22050 
DLL 2022-11-19 21:02:47.172218 - PARAMETER filter_length : 1024 
DLL 2022-11-19 21:02:47.172232 - PARAMETER hop_length : 256 
DLL 2022-11-19 21:02:47.172246 - PARAMETER win_length : 1024 
DLL 2022-11-19 21:02:47.172261 - PARAMETER mel_fmin : 0.0 
DLL 2022-11-19 21:02:47.172275 - PARAMETER mel_fmax : 8000.0 
DLL 2022-11-19 21:02:47.172289 - PARAMETER rank : 0 
DLL 2022-11-19 21:02:47.172304 - PARAMETER world_size : 4 
DLL 2022-11-19 21:02:47.172318 - PARAMETER dist_url : tcp://localhost:23456 
DLL 2022-11-19 21:02:47.172332 - PARAMETER group_name : group_name 
DLL 2022-11-19 21:02:47.172346 - PARAMETER dist_backend : nccl 
DLL 2022-11-19 21:02:47.172360 - PARAMETER bench_class :  
DLL 2022-11-19 21:02:47.172374 - PARAMETER model_name : Tacotron2_PyT 
Initializing Distributed
Done initializing distributed
DLL 2022-11-19 21:03:08.783778 - (0, 0) glob_iter/iters_per_epoch : 0/2 
DLL 2022-11-19 21:03:28.463619 - (0, 0) train_loss : 47.14794921875 
DLL 2022-11-19 21:03:30.421950 - (0, 0) train_items_per_sec : 26935.26477902529 items/s
DLL 2022-11-19 21:03:30.422054 - (0, 0) train_iter_time : 21.638250255993626 
DLL 2022-11-19 21:03:30.440413 - (0, 1) glob_iter/iters_per_epoch : 1/2 
DLL 2022-11-19 21:03:31.562237 - (0, 1) train_loss : 46.46296310424805 
DLL 2022-11-19 21:03:33.311652 - (0, 1) train_items_per_sec : 200585.03053592343 items/s
DLL 2022-11-19 21:03:33.311755 - (0, 1) train_iter_time : 2.8712511519988766 
DLL 2022-11-19 21:03:33.340287 - (0,) train_items_per_sec : 113760.14765747436 items/s
DLL 2022-11-19 21:03:33.340324 - (0,) train_loss : 46.46296310424805 
DLL 2022-11-19 21:03:33.340344 - (0,) train_epoch_time : 29.18764815400209 
/opt/conda/lib/python3.8/site-packages/torch/nn/parallel/scatter_gather.py:9: UserWarning: is_namedtuple is deprecated, please use the python checks instead
  warnings.warn("is_namedtuple is deprecated, please use the python checks instead")
/opt/conda/lib/python3.8/site-packages/torch/nn/parallel/scatter_gather.py:9: UserWarning: is_namedtuple is deprecated, please use the python checks instead
  warnings.warn("is_namedtuple is deprecated, please use the python checks instead")
/opt/conda/lib/python3.8/site-packages/torch/nn/parallel/scatter_gather.py:9: UserWarning: is_namedtuple is deprecated, please use the python checks instead
  warnings.warn("is_namedtuple is deprecated, please use the python checks instead")
/opt/conda/lib/python3.8/site-packages/torch/nn/parallel/scatter_gather.py:9: UserWarning: is_namedtuple is deprecated, please use the python checks instead
  warnings.warn("is_namedtuple is deprecated, please use the python checks instead")
DLL 2022-11-19 21:03:34.560053 - (0, 2, 0) val_items_per_sec : 85713.67507533268 items/s
DLL 2022-11-19 21:03:34.604234 - (0,) val_loss : 47.337501525878906 None
DLL 2022-11-19 21:03:34.604273 - (0,) val_items_per_sec : 85713.67507533268 items/s
Saving model and optimizer state at epoch 0 to ./checkpoint_Tacotron2_0.pt
Updating symlink ./checkpoint_Tacotron2_last.pt to point to checkpoint_Tacotron2_0.pt
DLL 2022-11-19 21:03:39.712779 - (1, 0) glob_iter/iters_per_epoch : 2/2 
DLL 2022-11-19 21:03:40.599021 - (1, 0) train_loss : 46.486061096191406 
DLL 2022-11-19 21:03:42.380509 - (1, 0) train_items_per_sec : 215345.6648548794 items/s
DLL 2022-11-19 21:03:42.380613 - (1, 0) train_iter_time : 2.6677713730023243 
DLL 2022-11-19 21:03:43.971344 - (1, 1) glob_iter/iters_per_epoch : 3/2 
DLL 2022-11-19 21:03:46.514591 - (1, 1) train_loss : 46.667625427246094 
DLL 2022-11-19 21:03:48.361879 - (1, 1) train_items_per_sec : 131068.94371727481 items/s
DLL 2022-11-19 21:03:48.361980 - (1, 1) train_iter_time : 4.3905519010004355 
DLL 2022-11-19 21:03:48.424114 - (1,) train_items_per_sec : 173207.3042860771 items/s
DLL 2022-11-19 21:03:48.424190 - (1,) train_loss : 46.667625427246094 
DLL 2022-11-19 21:03:48.424235 - (1,) train_epoch_time : 13.313586563999706 
DLL 2022-11-19 21:03:49.558911 - (1, 4, 0) val_items_per_sec : 107044.56215211036 items/s
DLL 2022-11-19 21:03:49.604070 - (1,) val_loss : 47.341644287109375 None
DLL 2022-11-19 21:03:49.604118 - (1,) val_items_per_sec : 107044.56215211036 items/s
DLL 2022-11-19 21:03:54.091271 - (2, 0) glob_iter/iters_per_epoch : 4/2 
DLL 2022-11-19 21:03:54.975767 - (2, 0) train_loss : 46.97894287109375 
DLL 2022-11-19 21:03:56.756495 - (2, 0) train_items_per_sec : 218057.55561183408 items/s
DLL 2022-11-19 21:03:56.756597 - (2, 0) train_iter_time : 2.665264215997013 
DLL 2022-11-19 21:03:58.214108 - (2, 1) glob_iter/iters_per_epoch : 5/2 
DLL 2022-11-19 21:03:59.426540 - (2, 1) train_loss : 46.786033630371094 
DLL 2022-11-19 21:04:01.210267 - (2, 1) train_items_per_sec : 193172.149740465 items/s
DLL 2022-11-19 21:04:01.210363 - (2, 1) train_iter_time : 2.9961772480019135 
DLL 2022-11-19 21:04:01.269513 - (2,) train_items_per_sec : 205614.85267614955 items/s
DLL 2022-11-19 21:04:01.269550 - (2,) train_loss : 46.786033630371094 
DLL 2022-11-19 21:04:01.269571 - (2,) train_epoch_time : 11.663126047998958 
DLL 2022-11-19 21:04:02.492802 - (2, 6, 0) val_items_per_sec : 89462.76289654012 items/s
DLL 2022-11-19 21:04:02.539782 - (2,) val_loss : 47.342891693115234 None
DLL 2022-11-19 21:04:02.539826 - (2,) val_items_per_sec : 89462.76289654012 items/s
DLL 2022-11-19 21:04:02.542151 - () run_time : 69.2541880839999 s
DLL 2022-11-19 21:04:02.542184 - () val_loss : 47.342891693115234 None
DLL 2022-11-19 21:04:02.542204 - () train_loss : 46.786033630371094 
DLL 2022-11-19 21:04:02.542222 - () train_items_per_sec : 205614.85267614955 items/s
DLL 2022-11-19 21:04:02.542240 - () val_items_per_sec : 89462.76289654012 items/s
DONE!
