OMP: Info #276: omp_set_nested routine deprecated, please use omp_set_max_active_levels instead.
OMP: Info #276: omp_set_nested routine deprecated, please use omp_set_max_active_levels instead.
DLL 2022-10-16 18:43:11.767678 - PARAMETER output : ./ 
DLL 2022-10-16 18:43:11.767785 - PARAMETER dataset_path : /data/tacotron2/LJSpeech-1.1 
DLL 2022-10-16 18:43:11.767817 - PARAMETER model_name : WaveGlow 
DLL 2022-10-16 18:43:11.767840 - PARAMETER log_file : nvlog.json 
DLL 2022-10-16 18:43:11.767860 - PARAMETER anneal_steps : None 
DLL 2022-10-16 18:43:11.767881 - PARAMETER anneal_factor : 0.1 
DLL 2022-10-16 18:43:11.767902 - PARAMETER config_file : None 
DLL 2022-10-16 18:43:11.767922 - PARAMETER seed : None 
DLL 2022-10-16 18:43:11.767942 - PARAMETER epochs : 1 
DLL 2022-10-16 18:43:11.767962 - PARAMETER epochs_per_checkpoint : 50 
DLL 2022-10-16 18:43:11.767981 - PARAMETER checkpoint_path :  
DLL 2022-10-16 18:43:11.768001 - PARAMETER resume_from_last : False 
DLL 2022-10-16 18:43:11.768022 - PARAMETER dynamic_loss_scaling : True 
DLL 2022-10-16 18:43:11.768042 - PARAMETER amp : False 
DLL 2022-10-16 18:43:11.768064 - PARAMETER cudnn_enabled : True 
DLL 2022-10-16 18:43:11.768085 - PARAMETER cudnn_benchmark : True 
DLL 2022-10-16 18:43:11.768104 - PARAMETER disable_uniform_initialize_bn_weight : False 
DLL 2022-10-16 18:43:11.768123 - PARAMETER use_saved_learning_rate : False 
DLL 2022-10-16 18:43:11.768143 - PARAMETER learning_rate : 0.0 
DLL 2022-10-16 18:43:11.768163 - PARAMETER weight_decay : 0.0 
DLL 2022-10-16 18:43:11.768182 - PARAMETER grad_clip_thresh : 65504.0 
DLL 2022-10-16 18:43:11.768201 - PARAMETER batch_size : 32 
DLL 2022-10-16 18:43:11.768221 - PARAMETER grad_clip : 5.0 
DLL 2022-10-16 18:43:11.768241 - PARAMETER load_mel_from_disk : False 
DLL 2022-10-16 18:43:11.768260 - PARAMETER training_files : filelists/ljs_audio_text_train_subset_625_filelist.txt 
DLL 2022-10-16 18:43:11.768279 - PARAMETER validation_files : filelists/ljs_audio_text_val_filelist.txt 
DLL 2022-10-16 18:43:11.768298 - PARAMETER text_cleaners : ['english_cleaners'] 
DLL 2022-10-16 18:43:11.768381 - PARAMETER max_wav_value : 32768.0 
DLL 2022-10-16 18:43:11.768405 - PARAMETER sampling_rate : 22050 
DLL 2022-10-16 18:43:11.768425 - PARAMETER filter_length : 1024 
DLL 2022-10-16 18:43:11.768445 - PARAMETER hop_length : 256 
DLL 2022-10-16 18:43:11.768464 - PARAMETER win_length : 1024 
DLL 2022-10-16 18:43:11.768482 - PARAMETER mel_fmin : 0.0 
DLL 2022-10-16 18:43:11.768501 - PARAMETER mel_fmax : 8000.0 
DLL 2022-10-16 18:43:11.768519 - PARAMETER rank : 0 
DLL 2022-10-16 18:43:11.768538 - PARAMETER world_size : 2 
DLL 2022-10-16 18:43:11.768556 - PARAMETER dist_url : tcp://localhost:23456 
DLL 2022-10-16 18:43:11.768574 - PARAMETER group_name : group_name 
DLL 2022-10-16 18:43:11.768593 - PARAMETER dist_backend : nccl 
DLL 2022-10-16 18:43:11.768611 - PARAMETER bench_class :  
DLL 2022-10-16 18:43:11.768629 - PARAMETER model_name : Tacotron2_PyT 
Initializing Distributed
Done initializing distributed
/opt/conda/lib/python3.8/site-packages/torch/nn/parallel/scatter_gather.py:9: UserWarning: is_namedtuple is deprecated, please use the python checks instead
  warnings.warn("is_namedtuple is deprecated, please use the python checks instead")
DLL 2022-10-16 18:43:19.250536 - (0, 0) glob_iter/iters_per_epoch : 0/9 
DLL 2022-10-16 18:43:25.634131 - (0, 0) train_loss : 0.0017850291915237904 
DLL 2022-10-16 18:43:28.987095 - (0, 0) train_items_per_sec : 52584.93187486532 items/s
DLL 2022-10-16 18:43:28.987188 - (0, 0) train_iter_time : 9.736629519999951 
DLL 2022-10-16 18:43:29.159125 - (0, 1) glob_iter/iters_per_epoch : 1/9 
DLL 2022-10-16 18:43:29.782185 - (0, 1) train_loss : 0.0023671542294323444 
DLL 2022-10-16 18:43:31.324180 - (0, 1) train_items_per_sec : 236481.6025153308 items/s
DLL 2022-10-16 18:43:31.324267 - (0, 1) train_iter_time : 2.1650732850002896 
DLL 2022-10-16 18:43:31.326440 - (0, 2) glob_iter/iters_per_epoch : 2/9 
DLL 2022-10-16 18:43:31.942746 - (0, 2) train_loss : 0.001995084574446082 
DLL 2022-10-16 18:43:33.483597 - (0, 2) train_items_per_sec : 237349.04785406395 items/s
DLL 2022-10-16 18:43:33.483678 - (0, 2) train_iter_time : 2.1571605389999604 
DLL 2022-10-16 18:43:33.486000 - (0, 3) glob_iter/iters_per_epoch : 3/9 
DLL 2022-10-16 18:43:34.101961 - (0, 3) train_loss : 0.002454805187880993 
DLL 2022-10-16 18:43:35.643998 - (0, 3) train_items_per_sec : 237256.43432281257 items/s
DLL 2022-10-16 18:43:35.644084 - (0, 3) train_iter_time : 2.1580025909997858 
DLL 2022-10-16 18:43:35.646305 - (0, 4) glob_iter/iters_per_epoch : 4/9 
DLL 2022-10-16 18:43:36.262096 - (0, 4) train_loss : 0.0020611491054296494 
DLL 2022-10-16 18:43:37.803569 - (0, 4) train_items_per_sec : 237336.92223725448 items/s
DLL 2022-10-16 18:43:37.803656 - (0, 4) train_iter_time : 2.157270748999508 
DLL 2022-10-16 18:43:37.805972 - (0, 5) glob_iter/iters_per_epoch : 5/9 
DLL 2022-10-16 18:43:38.422740 - (0, 5) train_loss : 0.0019985423423349857 
DLL 2022-10-16 18:43:39.963417 - (0, 5) train_items_per_sec : 237317.08284091062 items/s
DLL 2022-10-16 18:43:39.963503 - (0, 5) train_iter_time : 2.1574510939999527 
DLL 2022-10-16 18:43:39.965748 - (0, 6) glob_iter/iters_per_epoch : 6/9 
DLL 2022-10-16 18:43:40.584087 - (0, 6) train_loss : 0.0022553480230271816 
DLL 2022-10-16 18:43:42.126750 - (0, 6) train_items_per_sec : 236925.91439567125 items/s
DLL 2022-10-16 18:43:42.126836 - (0, 6) train_iter_time : 2.161013079999975 
DLL 2022-10-16 18:43:42.129128 - (0, 7) glob_iter/iters_per_epoch : 7/9 
DLL 2022-10-16 18:43:42.746742 - (0, 7) train_loss : 0.002039925428107381 
DLL 2022-10-16 18:43:44.288377 - (0, 7) train_items_per_sec : 237119.29701450214 items/s
DLL 2022-10-16 18:43:44.288467 - (0, 7) train_iter_time : 2.1592506659999344 
DLL 2022-10-16 18:43:44.290724 - (0, 8) glob_iter/iters_per_epoch : 8/9 
DLL 2022-10-16 18:43:44.921750 - (0, 8) train_loss : 0.002617893274873495 
DLL 2022-10-16 18:43:46.465015 - (0, 8) train_items_per_sec : 235478.51128129315 items/s
DLL 2022-10-16 18:43:46.465102 - (0, 8) train_iter_time : 2.174296062999929 
DLL 2022-10-16 18:43:46.530262 - (0,) train_items_per_sec : 216427.74937074492 items/s
DLL 2022-10-16 18:43:46.530350 - (0,) train_loss : 0.002617893274873495 
DLL 2022-10-16 18:43:46.530381 - (0,) train_epoch_time : 27.600551839000218 
/opt/conda/lib/python3.8/site-packages/torch/nn/parallel/scatter_gather.py:9: UserWarning: is_namedtuple is deprecated, please use the python checks instead
  warnings.warn("is_namedtuple is deprecated, please use the python checks instead")
DLL 2022-10-16 18:43:47.602217 - (0, 9, 0) val_items_per_sec : 598642.2032497181 items/s
DLL 2022-10-16 18:43:50.594974 - (0, 9, 1) val_items_per_sec : 96333.96948151346 items/s
DLL 2022-10-16 18:43:50.642196 - (0,) val_loss : 0.002078847959637642 None
DLL 2022-10-16 18:43:50.642319 - (0,) val_items_per_sec : 347488.0863656158 items/s
Saving model and optimizer state at epoch 0 to ./checkpoint_WaveGlow_0.pt
Updating symlink ./checkpoint_WaveGlow_last.pt to point to checkpoint_WaveGlow_0.pt
DLL 2022-10-16 18:43:54.938519 - () run_time : 42.8221818789998 s
DLL 2022-10-16 18:43:54.938604 - () val_loss : 0.002078847959637642 None
DLL 2022-10-16 18:43:54.938632 - () train_loss : 0.002617893274873495 
DLL 2022-10-16 18:43:54.938659 - () train_items_per_sec : 216427.74937074492 items/s
DLL 2022-10-16 18:43:54.938683 - () val_items_per_sec : 347488.0863656158 items/s
DONE!
