DLL 2024-09-29 10:25:25.110446 - PARAMETER output : ./ 
DLL 2024-09-29 10:25:25.110509 - PARAMETER dataset_path : /data/tacotron2/LJSpeech-1.1 
DLL 2024-09-29 10:25:25.110530 - PARAMETER model_name : Tacotron2 
DLL 2024-09-29 10:25:25.110544 - PARAMETER log_file : nvlog.json 
DLL 2024-09-29 10:25:25.110556 - PARAMETER anneal_steps : None 
DLL 2024-09-29 10:25:25.110568 - PARAMETER anneal_factor : 0.1 
DLL 2024-09-29 10:25:25.110581 - PARAMETER config_file : None 
DLL 2024-09-29 10:25:25.110592 - PARAMETER seed : None 
DLL 2024-09-29 10:25:25.110603 - PARAMETER epochs : 3 
DLL 2024-09-29 10:25:25.110615 - PARAMETER epochs_per_checkpoint : 50 
DLL 2024-09-29 10:25:25.110626 - PARAMETER checkpoint_path :  
DLL 2024-09-29 10:25:25.110638 - PARAMETER resume_from_last : False 
DLL 2024-09-29 10:25:25.110650 - PARAMETER dynamic_loss_scaling : True 
DLL 2024-09-29 10:25:25.110662 - PARAMETER amp : False 
DLL 2024-09-29 10:25:25.110673 - PARAMETER cudnn_enabled : True 
DLL 2024-09-29 10:25:25.110684 - PARAMETER cudnn_benchmark : False 
DLL 2024-09-29 10:25:25.110694 - PARAMETER disable_uniform_initialize_bn_weight : False 
DLL 2024-09-29 10:25:25.110706 - PARAMETER use_saved_learning_rate : False 
DLL 2024-09-29 10:25:25.110717 - PARAMETER learning_rate : 0.0 
DLL 2024-09-29 10:25:25.110729 - PARAMETER weight_decay : 1e-06 
DLL 2024-09-29 10:25:25.110761 - PARAMETER grad_clip_thresh : 1.0 
DLL 2024-09-29 10:25:25.110773 - PARAMETER batch_size : 256 
DLL 2024-09-29 10:25:25.110785 - PARAMETER grad_clip : 5.0 
DLL 2024-09-29 10:25:25.110800 - PARAMETER load_mel_from_disk : False 
DLL 2024-09-29 10:25:25.110812 - PARAMETER training_files : filelists/ljs_audio_text_train_subset_2500_filelist.txt 
DLL 2024-09-29 10:25:25.110823 - PARAMETER validation_files : filelists/ljs_audio_text_val_filelist.txt 
DLL 2024-09-29 10:25:25.110834 - PARAMETER text_cleaners : ['english_cleaners'] 
DLL 2024-09-29 10:25:25.110850 - PARAMETER max_wav_value : 32768.0 
DLL 2024-09-29 10:25:25.110861 - PARAMETER sampling_rate : 22050 
DLL 2024-09-29 10:25:25.110872 - PARAMETER filter_length : 1024 
DLL 2024-09-29 10:25:25.110883 - PARAMETER hop_length : 256 
DLL 2024-09-29 10:25:25.110893 - PARAMETER win_length : 1024 
DLL 2024-09-29 10:25:25.110904 - PARAMETER mel_fmin : 0.0 
DLL 2024-09-29 10:25:25.110915 - PARAMETER mel_fmax : 8000.0 
DLL 2024-09-29 10:25:25.110926 - PARAMETER rank : 0 
DLL 2024-09-29 10:25:25.110937 - PARAMETER world_size : 8 
DLL 2024-09-29 10:25:25.110948 - PARAMETER dist_url : tcp://localhost:23456 
DLL 2024-09-29 10:25:25.110959 - PARAMETER group_name : group_name 
DLL 2024-09-29 10:25:25.110969 - PARAMETER dist_backend : nccl 
DLL 2024-09-29 10:25:25.110980 - PARAMETER bench_class :  
DLL 2024-09-29 10:25:25.110991 - PARAMETER model_name : Tacotron2_PyT 
Initializing Distributed
Done initializing distributed
DLL 2024-09-29 10:25:53.036726 - (0, 0) glob_iter/iters_per_epoch : 0/1 
DLL 2024-09-29 10:25:57.251747 - (0, 0) train_loss : 46.494224548339844 
DLL 2024-09-29 10:25:58.693062 - (0, 0) train_items_per_sec : 204858.16918870667 items/s
DLL 2024-09-29 10:25:58.693170 - (0, 0) train_iter_time : 5.656410992000019 
DLL 2024-09-29 10:25:58.729667 - (0,) train_items_per_sec : 204858.16918870667 items/s
DLL 2024-09-29 10:25:58.729773 - (0,) train_loss : 46.494224548339844 
DLL 2024-09-29 10:25:58.729797 - (0,) train_epoch_time : 10.846134339000855 
DLL 2024-09-29 10:25:59.585727 - (0, 1, 0) val_items_per_sec : 97402.90909306804 items/s
DLL 2024-09-29 10:25:59.633743 - (0,) val_loss : 47.73672103881836 None
DLL 2024-09-29 10:25:59.633849 - (0,) val_items_per_sec : 97402.90909306804 items/s
Saving model and optimizer state at epoch 0 to ./checkpoint_Tacotron2_0.pt
Updating symlink ./checkpoint_Tacotron2_last.pt to point to checkpoint_Tacotron2_0.pt
DLL 2024-09-29 10:26:05.865485 - (1, 0) glob_iter/iters_per_epoch : 1/1 
DLL 2024-09-29 10:26:06.654852 - (1, 0) train_loss : 46.20437240600586 
DLL 2024-09-29 10:26:07.920985 - (1, 0) train_items_per_sec : 559432.0431079972 items/s
DLL 2024-09-29 10:26:07.921083 - (1, 0) train_iter_time : 2.0555812169986893 
DLL 2024-09-29 10:26:08.018050 - (1,) train_items_per_sec : 559432.0431079972 items/s
DLL 2024-09-29 10:26:08.018184 - (1,) train_loss : 46.20437240600586 
DLL 2024-09-29 10:26:08.018222 - (1,) train_epoch_time : 7.822265236998646 
DLL 2024-09-29 10:26:09.032909 - (1, 2, 0) val_items_per_sec : 79603.59594871348 items/s
DLL 2024-09-29 10:26:09.080865 - (1,) val_loss : 47.73234558105469 None
DLL 2024-09-29 10:26:09.080931 - (1,) val_items_per_sec : 79603.59594871348 items/s
DLL 2024-09-29 10:26:14.775923 - (2, 0) glob_iter/iters_per_epoch : 2/1 
DLL 2024-09-29 10:26:15.940177 - (2, 0) train_loss : 46.56065368652344 
DLL 2024-09-29 10:26:17.085016 - (2, 0) train_items_per_sec : 502332.77446625585 items/s
DLL 2024-09-29 10:26:17.085121 - (2, 0) train_iter_time : 2.3091445730024134 
DLL 2024-09-29 10:26:17.200942 - (2,) train_items_per_sec : 502332.77446625585 items/s
DLL 2024-09-29 10:26:17.201050 - (2,) train_loss : 46.56065368652344 
DLL 2024-09-29 10:26:17.201073 - (2,) train_epoch_time : 8.11880890500106 
DLL 2024-09-29 10:26:18.281696 - (2, 3, 0) val_items_per_sec : 77483.71783651858 items/s
DLL 2024-09-29 10:26:18.333702 - (2,) val_loss : 47.73015594482422 None
DLL 2024-09-29 10:26:18.333812 - (2,) val_items_per_sec : 77483.71783651858 items/s
DLL 2024-09-29 10:26:18.335340 - () run_time : 46.3308813199983 s
DLL 2024-09-29 10:26:18.335390 - () val_loss : 47.73015594482422 None
DLL 2024-09-29 10:26:18.335409 - () train_loss : 46.56065368652344 
DLL 2024-09-29 10:26:18.335427 - () train_items_per_sec : 502332.77446625585 items/s
DLL 2024-09-29 10:26:18.335444 - () val_items_per_sec : 77483.71783651858 items/s
DONE!
