/workspace/benchmark/SpeechSynthesis/Tacotron2/tacotron2/text/__init__.py:74: SyntaxWarning: "is not" with a literal. Did you mean "!="?
  return s in _symbol_to_id and s is not '_' and s is not '~'
/workspace/benchmark/SpeechSynthesis/Tacotron2/tacotron2/text/__init__.py:74: SyntaxWarning: "is not" with a literal. Did you mean "!="?
  return s in _symbol_to_id and s is not '_' and s is not '~'
/workspace/benchmark/SpeechSynthesis/Tacotron2/train.py:404: FutureWarning: `torch.cuda.amp.GradScaler(args...)` is deprecated. Please use `torch.amp.GradScaler('cuda', args...)` instead.
  scaler = torch.cuda.amp.GradScaler(enabled=args.amp)
DLL 2024-10-30 18:20:20.708890 - PARAMETER output : ./ 
DLL 2024-10-30 18:20:20.708938 - PARAMETER dataset_path : /data/tacotron2/LJSpeech-1.1 
DLL 2024-10-30 18:20:20.708953 - PARAMETER model_name : Tacotron2 
DLL 2024-10-30 18:20:20.708964 - PARAMETER log_file : nvlog.json 
DLL 2024-10-30 18:20:20.708974 - PARAMETER anneal_steps : None 
DLL 2024-10-30 18:20:20.708983 - PARAMETER anneal_factor : 0.1 
DLL 2024-10-30 18:20:20.708993 - PARAMETER config_file : None 
DLL 2024-10-30 18:20:20.709001 - PARAMETER seed : None 
DLL 2024-10-30 18:20:20.709009 - PARAMETER epochs : 2 
DLL 2024-10-30 18:20:20.709018 - PARAMETER epochs_per_checkpoint : 50 
DLL 2024-10-30 18:20:20.709027 - PARAMETER checkpoint_path :  
DLL 2024-10-30 18:20:20.709035 - PARAMETER resume_from_last : False 
DLL 2024-10-30 18:20:20.709045 - PARAMETER dynamic_loss_scaling : True 
DLL 2024-10-30 18:20:20.709054 - PARAMETER amp : False 
DLL 2024-10-30 18:20:20.709062 - PARAMETER cudnn_enabled : True 
DLL 2024-10-30 18:20:20.709070 - PARAMETER cudnn_benchmark : False 
DLL 2024-10-30 18:20:20.709078 - PARAMETER disable_uniform_initialize_bn_weight : False 
DLL 2024-10-30 18:20:20.709086 - PARAMETER use_saved_learning_rate : False 
DLL 2024-10-30 18:20:20.709094 - PARAMETER learning_rate : 0.0 
DLL 2024-10-30 18:20:20.709103 - PARAMETER weight_decay : 1e-06 
DLL 2024-10-30 18:20:20.709112 - PARAMETER grad_clip_thresh : 1.0 
DLL 2024-10-30 18:20:20.709120 - PARAMETER batch_size : 256 
DLL 2024-10-30 18:20:20.709129 - PARAMETER grad_clip : 5.0 
DLL 2024-10-30 18:20:20.709137 - PARAMETER load_mel_from_disk : False 
DLL 2024-10-30 18:20:20.709145 - PARAMETER training_files : filelists/ljs_audio_text_train_subset_625_filelist.txt 
DLL 2024-10-30 18:20:20.709153 - PARAMETER validation_files : filelists/ljs_audio_text_val_filelist.txt 
DLL 2024-10-30 18:20:20.709161 - PARAMETER text_cleaners : ['english_cleaners'] 
DLL 2024-10-30 18:20:20.709174 - PARAMETER max_wav_value : 32768.0 
DLL 2024-10-30 18:20:20.709183 - PARAMETER sampling_rate : 22050 
DLL 2024-10-30 18:20:20.709191 - PARAMETER filter_length : 1024 
DLL 2024-10-30 18:20:20.709198 - PARAMETER hop_length : 256 
DLL 2024-10-30 18:20:20.709207 - PARAMETER win_length : 1024 
DLL 2024-10-30 18:20:20.709214 - PARAMETER mel_fmin : 0.0 
DLL 2024-10-30 18:20:20.709223 - PARAMETER mel_fmax : 8000.0 
DLL 2024-10-30 18:20:20.709231 - PARAMETER rank : 0 
DLL 2024-10-30 18:20:20.709239 - PARAMETER world_size : 1 
DLL 2024-10-30 18:20:20.709265 - PARAMETER dist_url : tcp://localhost:23456 
DLL 2024-10-30 18:20:20.709274 - PARAMETER group_name : group_name 
DLL 2024-10-30 18:20:20.709282 - PARAMETER dist_backend : nccl 
DLL 2024-10-30 18:20:20.709291 - PARAMETER bench_class :  
DLL 2024-10-30 18:20:20.709299 - PARAMETER model_name : Tacotron2_PyT 
/workspace/benchmark/SpeechSynthesis/Tacotron2/train.py:484: FutureWarning: `torch.cuda.amp.autocast(args...)` is deprecated. Please use `torch.amp.autocast('cuda', args...)` instead.
  with torch.cuda.amp.autocast(enabled=args.amp):
DLL 2024-10-30 18:20:27.372930 - (0, 0) glob_iter/iters_per_epoch : 0/2 
DLL 2024-10-30 18:20:40.477604 - (0, 0) train_loss : 45.57902526855469 
DLL 2024-10-30 18:20:42.066770 - (0, 0) train_items_per_sec : 9599.389547723647 items/s
DLL 2024-10-30 18:20:42.066860 - (0, 0) train_iter_time : 14.693955204000304 
DLL 2024-10-30 18:20:42.069897 - (0, 1) glob_iter/iters_per_epoch : 1/2 
DLL 2024-10-30 18:20:43.162229 - (0, 1) train_loss : 48.29068374633789 
DLL 2024-10-30 18:20:44.467491 - (0, 1) train_items_per_sec : 62104.405127612554 items/s
DLL 2024-10-30 18:20:44.467568 - (0, 1) train_iter_time : 2.3976077010001973 
DLL 2024-10-30 18:20:44.474656 - (0,) train_items_per_sec : 35851.8973376681 items/s
DLL 2024-10-30 18:20:44.474723 - (0,) train_loss : 48.29068374633789 
DLL 2024-10-30 18:20:44.474739 - (0,) train_epoch_time : 22.215214215999367 
/workspace/benchmark/SpeechSynthesis/Tacotron2/train.py:293: FutureWarning: `torch.cuda.amp.autocast(args...)` is deprecated. Please use `torch.amp.autocast('cuda', args...)` instead.
  with torch.cuda.amp.autocast(enabled=amp_run):
DLL 2024-10-30 18:20:47.234420 - (0, 2, 0) val_items_per_sec : 74061.37973663505 items/s
DLL 2024-10-30 18:20:47.241877 - (0,) val_loss : 45.44109344482422 None
DLL 2024-10-30 18:20:47.241934 - (0,) val_items_per_sec : 74061.37973663505 items/s
Saving model and optimizer state at epoch 0 to ./checkpoint_Tacotron2_0.pt
DLL 2024-10-30 18:20:52.823013 - (1, 0) glob_iter/iters_per_epoch : 2/2 
DLL 2024-10-30 18:20:53.965336 - (1, 0) train_loss : 47.187374114990234 
DLL 2024-10-30 18:20:55.339962 - (1, 0) train_items_per_sec : 58172.87061598307 items/s
DLL 2024-10-30 18:20:55.340060 - (1, 0) train_iter_time : 2.517083967999497 
DLL 2024-10-30 18:20:55.340793 - (1, 1) glob_iter/iters_per_epoch : 3/2 
DLL 2024-10-30 18:20:56.407096 - (1, 1) train_loss : 46.9645881652832 
DLL 2024-10-30 18:20:57.713239 - (1, 1) train_items_per_sec : 61009.301273514095 items/s
DLL 2024-10-30 18:20:57.713314 - (1, 1) train_iter_time : 2.3724579199997606 
DLL 2024-10-30 18:20:57.722832 - (1,) train_items_per_sec : 59591.085944748585 items/s
DLL 2024-10-30 18:20:57.722878 - (1,) train_loss : 46.9645881652832 
DLL 2024-10-30 18:20:57.722902 - (1,) train_epoch_time : 10.212592511999901 
DLL 2024-10-30 18:21:00.505074 - (1, 4, 0) val_items_per_sec : 72489.42173501919 items/s
DLL 2024-10-30 18:21:00.512262 - (1,) val_loss : 45.42863464355469 None
DLL 2024-10-30 18:21:00.512313 - (1,) val_items_per_sec : 72489.42173501919 items/s
DLL 2024-10-30 18:21:00.513181 - () run_time : 39.405030736999834 s
DLL 2024-10-30 18:21:00.513213 - () val_loss : 45.42863464355469 None
DLL 2024-10-30 18:21:00.513225 - () train_loss : 46.9645881652832 
DLL 2024-10-30 18:21:00.513235 - () train_items_per_sec : 59591.085944748585 items/s
DLL 2024-10-30 18:21:00.513244 - () val_items_per_sec : 72489.42173501919 items/s
DONE!
