DLL 2024-09-29 06:51:04.732067 - PARAMETER output : ./ 
DLL 2024-09-29 06:51:04.732133 - PARAMETER dataset_path : /data/tacotron2/LJSpeech-1.1 
DLL 2024-09-29 06:51:04.732152 - PARAMETER model_name : Tacotron2 
DLL 2024-09-29 06:51:04.732166 - PARAMETER log_file : nvlog.json 
DLL 2024-09-29 06:51:04.732178 - PARAMETER anneal_steps : None 
DLL 2024-09-29 06:51:04.732190 - PARAMETER anneal_factor : 0.1 
DLL 2024-09-29 06:51:04.732202 - PARAMETER config_file : None 
DLL 2024-09-29 06:51:04.732213 - PARAMETER seed : None 
DLL 2024-09-29 06:51:04.732224 - PARAMETER epochs : 2 
DLL 2024-09-29 06:51:04.732236 - PARAMETER epochs_per_checkpoint : 50 
DLL 2024-09-29 06:51:04.732247 - PARAMETER checkpoint_path :  
DLL 2024-09-29 06:51:04.732258 - PARAMETER resume_from_last : False 
DLL 2024-09-29 06:51:04.732270 - PARAMETER dynamic_loss_scaling : True 
DLL 2024-09-29 06:51:04.732281 - PARAMETER amp : False 
DLL 2024-09-29 06:51:04.732292 - PARAMETER cudnn_enabled : True 
DLL 2024-09-29 06:51:04.732302 - PARAMETER cudnn_benchmark : False 
DLL 2024-09-29 06:51:04.732313 - PARAMETER disable_uniform_initialize_bn_weight : False 
DLL 2024-09-29 06:51:04.732324 - PARAMETER use_saved_learning_rate : False 
DLL 2024-09-29 06:51:04.732335 - PARAMETER learning_rate : 0.0 
DLL 2024-09-29 06:51:04.732345 - PARAMETER weight_decay : 1e-06 
DLL 2024-09-29 06:51:04.732357 - PARAMETER grad_clip_thresh : 1.0 
DLL 2024-09-29 06:51:04.732368 - PARAMETER batch_size : 256 
DLL 2024-09-29 06:51:04.732379 - PARAMETER grad_clip : 5.0 
DLL 2024-09-29 06:51:04.732390 - PARAMETER load_mel_from_disk : False 
DLL 2024-09-29 06:51:04.732400 - PARAMETER training_files : filelists/ljs_audio_text_train_subset_625_filelist.txt 
DLL 2024-09-29 06:51:04.732414 - PARAMETER validation_files : filelists/ljs_audio_text_val_filelist.txt 
DLL 2024-09-29 06:51:04.732425 - PARAMETER text_cleaners : ['english_cleaners'] 
DLL 2024-09-29 06:51:04.732441 - PARAMETER max_wav_value : 32768.0 
DLL 2024-09-29 06:51:04.732453 - PARAMETER sampling_rate : 22050 
DLL 2024-09-29 06:51:04.732463 - PARAMETER filter_length : 1024 
DLL 2024-09-29 06:51:04.732474 - PARAMETER hop_length : 256 
DLL 2024-09-29 06:51:04.732484 - PARAMETER win_length : 1024 
DLL 2024-09-29 06:51:04.732494 - PARAMETER mel_fmin : 0.0 
DLL 2024-09-29 06:51:04.732505 - PARAMETER mel_fmax : 8000.0 
DLL 2024-09-29 06:51:04.732515 - PARAMETER rank : 0 
DLL 2024-09-29 06:51:04.732527 - PARAMETER world_size : 2 
DLL 2024-09-29 06:51:04.732538 - PARAMETER dist_url : tcp://localhost:23456 
DLL 2024-09-29 06:51:04.732548 - PARAMETER group_name : group_name 
DLL 2024-09-29 06:51:04.732558 - PARAMETER dist_backend : nccl 
DLL 2024-09-29 06:51:04.732569 - PARAMETER bench_class :  
DLL 2024-09-29 06:51:04.732580 - PARAMETER model_name : Tacotron2_PyT 
Initializing Distributed
Done initializing distributed
DLL 2024-09-29 06:51:14.970699 - (0, 0) glob_iter/iters_per_epoch : 0/1 
DLL 2024-09-29 06:51:17.120457 - (0, 0) train_loss : 46.45001220703125 
DLL 2024-09-29 06:51:18.436362 - (0, 0) train_items_per_sec : 83345.18008039775 items/s
DLL 2024-09-29 06:51:18.436454 - (0, 0) train_iter_time : 3.4657193099992583 
DLL 2024-09-29 06:51:18.461908 - (0,) train_items_per_sec : 83345.18008039775 items/s
DLL 2024-09-29 06:51:18.461998 - (0,) train_loss : 46.45001220703125 
DLL 2024-09-29 06:51:18.462019 - (0,) train_epoch_time : 8.8949748799987 
DLL 2024-09-29 06:51:20.018649 - (0, 1, 0) val_items_per_sec : 108742.56784381236 items/s
DLL 2024-09-29 06:51:20.053996 - (0,) val_loss : 45.646942138671875 None
DLL 2024-09-29 06:51:20.054066 - (0,) val_items_per_sec : 108742.56784381236 items/s
Saving model and optimizer state at epoch 0 to ./checkpoint_Tacotron2_0.pt
Updating symlink ./checkpoint_Tacotron2_last.pt to point to checkpoint_Tacotron2_0.pt
DLL 2024-09-29 06:51:25.953372 - (1, 0) glob_iter/iters_per_epoch : 1/1 
DLL 2024-09-29 06:51:26.605696 - (1, 0) train_loss : 46.78561782836914 
DLL 2024-09-29 06:51:27.710294 - (1, 0) train_items_per_sec : 165576.38130558864 items/s
DLL 2024-09-29 06:51:27.710388 - (1, 0) train_iter_time : 1.7569655629995395 
DLL 2024-09-29 06:51:27.761170 - (1,) train_items_per_sec : 165576.38130558864 items/s
DLL 2024-09-29 06:51:27.761270 - (1,) train_loss : 46.78561782836914 
DLL 2024-09-29 06:51:27.761294 - (1,) train_epoch_time : 7.220526170000085 
DLL 2024-09-29 06:51:29.306659 - (1, 2, 0) val_items_per_sec : 112786.79936856264 items/s
DLL 2024-09-29 06:51:29.345456 - (1,) val_loss : 45.64986038208008 None
DLL 2024-09-29 06:51:29.345527 - (1,) val_items_per_sec : 112786.79936856264 items/s
DLL 2024-09-29 06:51:29.347903 - () run_time : 23.89485752499968 s
DLL 2024-09-29 06:51:29.347946 - () val_loss : 45.64986038208008 None
DLL 2024-09-29 06:51:29.347965 - () train_loss : 46.78561782836914 
DLL 2024-09-29 06:51:29.347982 - () train_items_per_sec : 165576.38130558864 items/s
DLL 2024-09-29 06:51:29.347997 - () val_items_per_sec : 112786.79936856264 items/s
DONE!
