DLL 2024-07-28 10:53:08.914500 - PARAMETER output : ./ 
DLL 2024-07-28 10:53:08.914567 - PARAMETER dataset_path : /data/tacotron2/LJSpeech-1.1 
DLL 2024-07-28 10:53:08.914587 - PARAMETER model_name : Tacotron2 
DLL 2024-07-28 10:53:08.914601 - PARAMETER log_file : nvlog.json 
DLL 2024-07-28 10:53:08.914613 - PARAMETER anneal_steps : None 
DLL 2024-07-28 10:53:08.914626 - PARAMETER anneal_factor : 0.1 
DLL 2024-07-28 10:53:08.914640 - PARAMETER config_file : None 
DLL 2024-07-28 10:53:08.914651 - PARAMETER seed : None 
DLL 2024-07-28 10:53:08.914662 - PARAMETER epochs : 2 
DLL 2024-07-28 10:53:08.914674 - PARAMETER epochs_per_checkpoint : 50 
DLL 2024-07-28 10:53:08.914685 - PARAMETER checkpoint_path :  
DLL 2024-07-28 10:53:08.914696 - PARAMETER resume_from_last : False 
DLL 2024-07-28 10:53:08.914708 - PARAMETER dynamic_loss_scaling : True 
DLL 2024-07-28 10:53:08.914719 - PARAMETER amp : False 
DLL 2024-07-28 10:53:08.914730 - PARAMETER cudnn_enabled : True 
DLL 2024-07-28 10:53:08.914740 - PARAMETER cudnn_benchmark : False 
DLL 2024-07-28 10:53:08.914751 - PARAMETER disable_uniform_initialize_bn_weight : False 
DLL 2024-07-28 10:53:08.914762 - PARAMETER use_saved_learning_rate : False 
DLL 2024-07-28 10:53:08.914778 - PARAMETER learning_rate : 0.0 
DLL 2024-07-28 10:53:08.914789 - PARAMETER weight_decay : 1e-06 
DLL 2024-07-28 10:53:08.914801 - PARAMETER grad_clip_thresh : 1.0 
DLL 2024-07-28 10:53:08.914812 - PARAMETER batch_size : 256 
DLL 2024-07-28 10:53:08.914823 - PARAMETER grad_clip : 5.0 
DLL 2024-07-28 10:53:08.914834 - PARAMETER load_mel_from_disk : False 
DLL 2024-07-28 10:53:08.914845 - PARAMETER training_files : filelists/ljs_audio_text_train_subset_2500_filelist.txt 
DLL 2024-07-28 10:53:08.914857 - PARAMETER validation_files : filelists/ljs_audio_text_val_filelist.txt 
DLL 2024-07-28 10:53:08.914868 - PARAMETER text_cleaners : ['english_cleaners'] 
DLL 2024-07-28 10:53:08.914885 - PARAMETER max_wav_value : 32768.0 
DLL 2024-07-28 10:53:08.914896 - PARAMETER sampling_rate : 22050 
DLL 2024-07-28 10:53:08.914907 - PARAMETER filter_length : 1024 
DLL 2024-07-28 10:53:08.914920 - PARAMETER hop_length : 256 
DLL 2024-07-28 10:53:08.914931 - PARAMETER win_length : 1024 
DLL 2024-07-28 10:53:08.914941 - PARAMETER mel_fmin : 0.0 
DLL 2024-07-28 10:53:08.914952 - PARAMETER mel_fmax : 8000.0 
DLL 2024-07-28 10:53:08.914963 - PARAMETER rank : 0 
DLL 2024-07-28 10:53:08.914974 - PARAMETER world_size : 8 
DLL 2024-07-28 10:53:08.914985 - PARAMETER dist_url : tcp://localhost:23456 
DLL 2024-07-28 10:53:08.914995 - PARAMETER group_name : group_name 
DLL 2024-07-28 10:53:08.915006 - PARAMETER dist_backend : nccl 
DLL 2024-07-28 10:53:08.915017 - PARAMETER bench_class :  
DLL 2024-07-28 10:53:08.915027 - PARAMETER model_name : Tacotron2_PyT 
Initializing Distributed
Done initializing distributed
DLL 2024-07-28 10:53:35.455623 - (0, 0) glob_iter/iters_per_epoch : 0/1 
DLL 2024-07-28 10:53:39.899654 - (0, 0) train_loss : 46.69032669067383 
DLL 2024-07-28 10:53:41.305919 - (0, 0) train_items_per_sec : 198065.33121264575 items/s
DLL 2024-07-28 10:53:41.306059 - (0, 0) train_iter_time : 5.8504029600007925 
DLL 2024-07-28 10:53:41.349017 - (0,) train_items_per_sec : 198065.33121264575 items/s
DLL 2024-07-28 10:53:41.349116 - (0,) train_loss : 46.69032669067383 
DLL 2024-07-28 10:53:41.349137 - (0,) train_epoch_time : 11.231315128999995 
DLL 2024-07-28 10:53:42.205711 - (0, 1, 0) val_items_per_sec : 97865.37197737239 items/s
DLL 2024-07-28 10:53:42.252287 - (0,) val_loss : 48.1113166809082 None
DLL 2024-07-28 10:53:42.252353 - (0,) val_items_per_sec : 97865.37197737239 items/s
Saving model and optimizer state at epoch 0 to ./checkpoint_Tacotron2_0.pt
Updating symlink ./checkpoint_Tacotron2_last.pt to point to checkpoint_Tacotron2_0.pt
DLL 2024-07-28 10:53:48.549686 - (1, 0) glob_iter/iters_per_epoch : 1/1 
DLL 2024-07-28 10:53:49.319670 - (1, 0) train_loss : 46.396949768066406 
DLL 2024-07-28 10:53:50.650214 - (1, 0) train_items_per_sec : 547430.1638491115 items/s
DLL 2024-07-28 10:53:50.650330 - (1, 0) train_iter_time : 2.10064785600116 
DLL 2024-07-28 10:53:50.742321 - (1,) train_items_per_sec : 547430.1638491115 items/s
DLL 2024-07-28 10:53:50.742428 - (1,) train_loss : 46.396949768066406 
DLL 2024-07-28 10:53:50.742453 - (1,) train_epoch_time : 7.933869482993032 
DLL 2024-07-28 10:53:51.612482 - (1, 2, 0) val_items_per_sec : 97971.32536985078 items/s
DLL 2024-07-28 10:53:51.660346 - (1,) val_loss : 48.105403900146484 None
DLL 2024-07-28 10:53:51.660411 - (1,) val_items_per_sec : 97971.32536985078 items/s
DLL 2024-07-28 10:53:51.662272 - () run_time : 36.0349141649931 s
DLL 2024-07-28 10:53:51.662315 - () val_loss : 48.105403900146484 None
DLL 2024-07-28 10:53:51.662345 - () train_loss : 46.396949768066406 
DLL 2024-07-28 10:53:51.662361 - () train_items_per_sec : 547430.1638491115 items/s
DLL 2024-07-28 10:53:51.662375 - () val_items_per_sec : 97971.32536985078 items/s
DONE!
