DLL 2024-09-29 05:26:29.774601 - PARAMETER output : ./ 
DLL 2024-09-29 05:26:29.774652 - PARAMETER dataset_path : /data/tacotron2/LJSpeech-1.1 
DLL 2024-09-29 05:26:29.774667 - PARAMETER model_name : Tacotron2 
DLL 2024-09-29 05:26:29.774677 - PARAMETER log_file : nvlog.json 
DLL 2024-09-29 05:26:29.774686 - PARAMETER anneal_steps : None 
DLL 2024-09-29 05:26:29.774696 - PARAMETER anneal_factor : 0.1 
DLL 2024-09-29 05:26:29.774706 - PARAMETER config_file : None 
DLL 2024-09-29 05:26:29.774715 - PARAMETER seed : None 
DLL 2024-09-29 05:26:29.774724 - PARAMETER epochs : 3 
DLL 2024-09-29 05:26:29.774733 - PARAMETER epochs_per_checkpoint : 50 
DLL 2024-09-29 05:26:29.774742 - PARAMETER checkpoint_path :  
DLL 2024-09-29 05:26:29.774751 - PARAMETER resume_from_last : False 
DLL 2024-09-29 05:26:29.774760 - PARAMETER dynamic_loss_scaling : True 
DLL 2024-09-29 05:26:29.774769 - PARAMETER amp : False 
DLL 2024-09-29 05:26:29.774777 - PARAMETER cudnn_enabled : True 
DLL 2024-09-29 05:26:29.774785 - PARAMETER cudnn_benchmark : False 
DLL 2024-09-29 05:26:29.774793 - PARAMETER disable_uniform_initialize_bn_weight : False 
DLL 2024-09-29 05:26:29.774802 - PARAMETER use_saved_learning_rate : False 
DLL 2024-09-29 05:26:29.774810 - PARAMETER learning_rate : 0.0 
DLL 2024-09-29 05:26:29.774818 - PARAMETER weight_decay : 1e-06 
DLL 2024-09-29 05:26:29.774828 - PARAMETER grad_clip_thresh : 1.0 
DLL 2024-09-29 05:26:29.774836 - PARAMETER batch_size : 256 
DLL 2024-09-29 05:26:29.774851 - PARAMETER grad_clip : 5.0 
DLL 2024-09-29 05:26:29.774859 - PARAMETER load_mel_from_disk : False 
DLL 2024-09-29 05:26:29.774868 - PARAMETER training_files : filelists/ljs_audio_text_train_subset_625_filelist.txt 
DLL 2024-09-29 05:26:29.774876 - PARAMETER validation_files : filelists/ljs_audio_text_val_filelist.txt 
DLL 2024-09-29 05:26:29.774885 - PARAMETER text_cleaners : ['english_cleaners'] 
DLL 2024-09-29 05:26:29.774897 - PARAMETER max_wav_value : 32768.0 
DLL 2024-09-29 05:26:29.774905 - PARAMETER sampling_rate : 22050 
DLL 2024-09-29 05:26:29.774913 - PARAMETER filter_length : 1024 
DLL 2024-09-29 05:26:29.774921 - PARAMETER hop_length : 256 
DLL 2024-09-29 05:26:29.774929 - PARAMETER win_length : 1024 
DLL 2024-09-29 05:26:29.774937 - PARAMETER mel_fmin : 0.0 
DLL 2024-09-29 05:26:29.774946 - PARAMETER mel_fmax : 8000.0 
DLL 2024-09-29 05:26:29.774954 - PARAMETER rank : 0 
DLL 2024-09-29 05:26:29.774962 - PARAMETER world_size : 1 
DLL 2024-09-29 05:26:29.774970 - PARAMETER dist_url : tcp://localhost:23456 
DLL 2024-09-29 05:26:29.774978 - PARAMETER group_name : group_name 
DLL 2024-09-29 05:26:29.774986 - PARAMETER dist_backend : nccl 
DLL 2024-09-29 05:26:29.774994 - PARAMETER bench_class :  
DLL 2024-09-29 05:26:29.775002 - PARAMETER model_name : Tacotron2_PyT 
DLL 2024-09-29 05:26:34.996972 - (0, 0) glob_iter/iters_per_epoch : 0/2 
DLL 2024-09-29 05:26:36.455811 - (0, 0) train_loss : 46.48452377319336 
DLL 2024-09-29 05:26:37.730704 - (0, 0) train_items_per_sec : 52738.996357523516 items/s
DLL 2024-09-29 05:26:37.730783 - (0, 0) train_iter_time : 2.7337835369980894 
DLL 2024-09-29 05:26:37.740846 - (0, 1) glob_iter/iters_per_epoch : 1/2 
DLL 2024-09-29 05:26:38.204222 - (0, 1) train_loss : 47.75008010864258 
DLL 2024-09-29 05:26:39.308303 - (0, 1) train_items_per_sec : 93381.11460858962 items/s
DLL 2024-09-29 05:26:39.308389 - (0, 1) train_iter_time : 1.5674689750012476 
DLL 2024-09-29 05:26:39.326120 - (0,) train_items_per_sec : 73060.05548305657 items/s
DLL 2024-09-29 05:26:39.326180 - (0,) train_loss : 47.75008010864258 
DLL 2024-09-29 05:26:39.326196 - (0,) train_epoch_time : 8.088547409002786 
DLL 2024-09-29 05:26:41.176173 - (0, 2, 0) val_items_per_sec : 136151.69215298697 items/s
DLL 2024-09-29 05:26:41.208923 - (0,) val_loss : 45.48579406738281 None
DLL 2024-09-29 05:26:41.208993 - (0,) val_items_per_sec : 136151.69215298697 items/s
Saving model and optimizer state at epoch 0 to ./checkpoint_Tacotron2_0.pt
Updating symlink ./checkpoint_Tacotron2_last.pt to point to checkpoint_Tacotron2_0.pt
DLL 2024-09-29 05:26:45.496514 - (1, 0) glob_iter/iters_per_epoch : 2/2 
DLL 2024-09-29 05:26:46.053378 - (1, 0) train_loss : 47.914241790771484 
DLL 2024-09-29 05:26:47.145730 - (1, 0) train_items_per_sec : 88941.11746715834 items/s
DLL 2024-09-29 05:26:47.145814 - (1, 0) train_iter_time : 1.6492596919997595 
DLL 2024-09-29 05:26:47.151867 - (1, 1) glob_iter/iters_per_epoch : 3/2 
DLL 2024-09-29 05:26:47.699965 - (1, 1) train_loss : 46.67269515991211 
DLL 2024-09-29 05:26:48.808844 - (1, 1) train_items_per_sec : 86935.33235215647 items/s
DLL 2024-09-29 05:26:48.808929 - (1, 1) train_iter_time : 1.6569902719929814 
DLL 2024-09-29 05:26:48.853399 - (1,) train_items_per_sec : 87938.22490965741 items/s
DLL 2024-09-29 05:26:48.853474 - (1,) train_loss : 46.67269515991211 
DLL 2024-09-29 05:26:48.853490 - (1,) train_epoch_time : 7.28395269199973 
DLL 2024-09-29 05:26:50.683092 - (1, 4, 0) val_items_per_sec : 150155.17680372152 items/s
DLL 2024-09-29 05:26:50.715306 - (1,) val_loss : 45.489501953125 None
DLL 2024-09-29 05:26:50.715370 - (1,) val_items_per_sec : 150155.17680372152 items/s
DLL 2024-09-29 05:26:54.767835 - (2, 0) glob_iter/iters_per_epoch : 4/2 
DLL 2024-09-29 05:26:55.314990 - (2, 0) train_loss : 47.08168029785156 
DLL 2024-09-29 05:26:56.424520 - (2, 0) train_items_per_sec : 87446.31748324474 items/s
DLL 2024-09-29 05:26:56.424604 - (2, 0) train_iter_time : 1.6567307139921468 
DLL 2024-09-29 05:26:56.431094 - (2, 1) glob_iter/iters_per_epoch : 5/2 
DLL 2024-09-29 05:26:56.906373 - (2, 1) train_loss : 46.141639709472656 
DLL 2024-09-29 05:26:58.011855 - (2, 1) train_items_per_sec : 90171.06694469269 items/s
DLL 2024-09-29 05:26:58.011943 - (2, 1) train_iter_time : 1.5807731329987291 
DLL 2024-09-29 05:26:58.057868 - (2,) train_items_per_sec : 88808.69221396872 items/s
DLL 2024-09-29 05:26:58.057954 - (2,) train_loss : 46.141639709472656 
DLL 2024-09-29 05:26:58.057972 - (2,) train_epoch_time : 7.339063892010017 
DLL 2024-09-29 05:26:59.903996 - (2, 6, 0) val_items_per_sec : 147108.8011380901 items/s
DLL 2024-09-29 05:26:59.936247 - (2,) val_loss : 45.49604797363281 None
DLL 2024-09-29 05:26:59.936324 - (2,) val_items_per_sec : 147108.8011380901 items/s
DLL 2024-09-29 05:26:59.940318 - () run_time : 29.83040176400391 s
DLL 2024-09-29 05:26:59.940359 - () val_loss : 45.49604797363281 None
DLL 2024-09-29 05:26:59.940376 - () train_loss : 46.141639709472656 
DLL 2024-09-29 05:26:59.940388 - () train_items_per_sec : 88808.69221396872 items/s
DLL 2024-09-29 05:26:59.940400 - () val_items_per_sec : 147108.8011380901 items/s
DONE!
