DLL 2024-07-28 11:03:51.579970 - PARAMETER output : ./ 
DLL 2024-07-28 11:03:51.580041 - PARAMETER dataset_path : /data/tacotron2/LJSpeech-1.1 
DLL 2024-07-28 11:03:51.580060 - PARAMETER model_name : Tacotron2 
DLL 2024-07-28 11:03:51.580074 - PARAMETER log_file : nvlog.json 
DLL 2024-07-28 11:03:51.580100 - PARAMETER anneal_steps : None 
DLL 2024-07-28 11:03:51.580115 - PARAMETER anneal_factor : 0.1 
DLL 2024-07-28 11:03:51.580129 - PARAMETER config_file : None 
DLL 2024-07-28 11:03:51.580140 - PARAMETER seed : None 
DLL 2024-07-28 11:03:51.580152 - PARAMETER epochs : 3 
DLL 2024-07-28 11:03:51.580164 - PARAMETER epochs_per_checkpoint : 50 
DLL 2024-07-28 11:03:51.580176 - PARAMETER checkpoint_path :  
DLL 2024-07-28 11:03:51.580187 - PARAMETER resume_from_last : False 
DLL 2024-07-28 11:03:51.580199 - PARAMETER dynamic_loss_scaling : True 
DLL 2024-07-28 11:03:51.580211 - PARAMETER amp : False 
DLL 2024-07-28 11:03:51.580223 - PARAMETER cudnn_enabled : True 
DLL 2024-07-28 11:03:51.580233 - PARAMETER cudnn_benchmark : False 
DLL 2024-07-28 11:03:51.580244 - PARAMETER disable_uniform_initialize_bn_weight : False 
DLL 2024-07-28 11:03:51.580255 - PARAMETER use_saved_learning_rate : False 
DLL 2024-07-28 11:03:51.580265 - PARAMETER learning_rate : 0.0 
DLL 2024-07-28 11:03:51.580276 - PARAMETER weight_decay : 1e-06 
DLL 2024-07-28 11:03:51.580289 - PARAMETER grad_clip_thresh : 1.0 
DLL 2024-07-28 11:03:51.580300 - PARAMETER batch_size : 256 
DLL 2024-07-28 11:03:51.580312 - PARAMETER grad_clip : 5.0 
DLL 2024-07-28 11:03:51.580322 - PARAMETER load_mel_from_disk : False 
DLL 2024-07-28 11:03:51.580333 - PARAMETER training_files : filelists/ljs_audio_text_train_subset_2500_filelist.txt 
DLL 2024-07-28 11:03:51.580344 - PARAMETER validation_files : filelists/ljs_audio_text_val_filelist.txt 
DLL 2024-07-28 11:03:51.580358 - PARAMETER text_cleaners : ['english_cleaners'] 
DLL 2024-07-28 11:03:51.580374 - PARAMETER max_wav_value : 32768.0 
DLL 2024-07-28 11:03:51.580386 - PARAMETER sampling_rate : 22050 
DLL 2024-07-28 11:03:51.580397 - PARAMETER filter_length : 1024 
DLL 2024-07-28 11:03:51.580408 - PARAMETER hop_length : 256 
DLL 2024-07-28 11:03:51.580418 - PARAMETER win_length : 1024 
DLL 2024-07-28 11:03:51.580429 - PARAMETER mel_fmin : 0.0 
DLL 2024-07-28 11:03:51.580440 - PARAMETER mel_fmax : 8000.0 
DLL 2024-07-28 11:03:51.580451 - PARAMETER rank : 0 
DLL 2024-07-28 11:03:51.580461 - PARAMETER world_size : 8 
DLL 2024-07-28 11:03:51.580472 - PARAMETER dist_url : tcp://localhost:23456 
DLL 2024-07-28 11:03:51.580482 - PARAMETER group_name : group_name 
DLL 2024-07-28 11:03:51.580493 - PARAMETER dist_backend : nccl 
DLL 2024-07-28 11:03:51.580505 - PARAMETER bench_class :  
DLL 2024-07-28 11:03:51.580515 - PARAMETER model_name : Tacotron2_PyT 
Initializing Distributed
Done initializing distributed
DLL 2024-07-28 11:04:19.024856 - (0, 0) glob_iter/iters_per_epoch : 0/1 
DLL 2024-07-28 11:04:23.486878 - (0, 0) train_loss : 46.5284309387207 
DLL 2024-07-28 11:04:24.881550 - (0, 0) train_items_per_sec : 197849.85323760266 items/s
DLL 2024-07-28 11:04:24.881663 - (0, 0) train_iter_time : 5.8567746249900665 
DLL 2024-07-28 11:04:24.924098 - (0,) train_items_per_sec : 197849.85323760266 items/s
DLL 2024-07-28 11:04:24.924204 - (0,) train_loss : 46.5284309387207 
DLL 2024-07-28 11:04:24.924227 - (0,) train_epoch_time : 11.21012840399635 
DLL 2024-07-28 11:04:25.757849 - (0, 1, 0) val_items_per_sec : 102249.11164124835 items/s
DLL 2024-07-28 11:04:25.804584 - (0,) val_loss : 47.872459411621094 None
DLL 2024-07-28 11:04:25.804687 - (0,) val_items_per_sec : 102249.11164124835 items/s
Saving model and optimizer state at epoch 0 to ./checkpoint_Tacotron2_0.pt
Updating symlink ./checkpoint_Tacotron2_last.pt to point to checkpoint_Tacotron2_0.pt
DLL 2024-07-28 11:04:32.180814 - (1, 0) glob_iter/iters_per_epoch : 1/1 
DLL 2024-07-28 11:04:32.975298 - (1, 0) train_loss : 46.239280700683594 
DLL 2024-07-28 11:04:34.229715 - (1, 0) train_items_per_sec : 561242.9632068474 items/s
DLL 2024-07-28 11:04:34.229812 - (1, 0) train_iter_time : 2.0489486290025525 
DLL 2024-07-28 11:04:34.344060 - (1,) train_items_per_sec : 561242.9632068474 items/s
DLL 2024-07-28 11:04:34.344161 - (1,) train_loss : 46.239280700683594 
DLL 2024-07-28 11:04:34.344186 - (1,) train_epoch_time : 8.065175884999917 
DLL 2024-07-28 11:04:35.342550 - (1, 2, 0) val_items_per_sec : 79528.72126244457 items/s
DLL 2024-07-28 11:04:35.394641 - (1,) val_loss : 47.863983154296875 None
DLL 2024-07-28 11:04:35.394721 - (1,) val_items_per_sec : 79528.72126244457 items/s
DLL 2024-07-28 11:04:40.986737 - (2, 0) glob_iter/iters_per_epoch : 2/1 
DLL 2024-07-28 11:04:42.114445 - (2, 0) train_loss : 46.59541702270508 
DLL 2024-07-28 11:04:43.302214 - (2, 0) train_items_per_sec : 500947.2896103377 items/s
DLL 2024-07-28 11:04:43.302318 - (2, 0) train_iter_time : 2.3155310430011014 
DLL 2024-07-28 11:04:43.429837 - (2,) train_items_per_sec : 500947.2896103377 items/s
DLL 2024-07-28 11:04:43.429937 - (2,) train_loss : 46.59541702270508 
DLL 2024-07-28 11:04:43.429961 - (2,) train_epoch_time : 8.033902741008205 
DLL 2024-07-28 11:04:44.411858 - (2, 3, 0) val_items_per_sec : 84268.86290332621 items/s
DLL 2024-07-28 11:04:44.464235 - (2,) val_loss : 47.858829498291016 None
DLL 2024-07-28 11:04:44.464300 - (2,) val_items_per_sec : 84268.86290332621 items/s
DLL 2024-07-28 11:04:44.465706 - () run_time : 45.996870186994784 s
DLL 2024-07-28 11:04:44.465750 - () val_loss : 47.858829498291016 None
DLL 2024-07-28 11:04:44.465771 - () train_loss : 46.59541702270508 
DLL 2024-07-28 11:04:44.465787 - () train_items_per_sec : 500947.2896103377 items/s
DLL 2024-07-28 11:04:44.465801 - () val_items_per_sec : 84268.86290332621 items/s
DONE!
