DLL 2024-09-29 06:12:52.899151 - PARAMETER output : ./ 
DLL 2024-09-29 06:12:52.899196 - PARAMETER dataset_path : /data/tacotron2/LJSpeech-1.1 
DLL 2024-09-29 06:12:52.899212 - PARAMETER model_name : Tacotron2 
DLL 2024-09-29 06:12:52.899224 - PARAMETER log_file : nvlog.json 
DLL 2024-09-29 06:12:52.899233 - PARAMETER anneal_steps : None 
DLL 2024-09-29 06:12:52.899242 - PARAMETER anneal_factor : 0.1 
DLL 2024-09-29 06:12:52.899252 - PARAMETER config_file : None 
DLL 2024-09-29 06:12:52.899261 - PARAMETER seed : None 
DLL 2024-09-29 06:12:52.899270 - PARAMETER epochs : 3 
DLL 2024-09-29 06:12:52.899279 - PARAMETER epochs_per_checkpoint : 50 
DLL 2024-09-29 06:12:52.899288 - PARAMETER checkpoint_path :  
DLL 2024-09-29 06:12:52.899298 - PARAMETER resume_from_last : False 
DLL 2024-09-29 06:12:52.899308 - PARAMETER dynamic_loss_scaling : True 
DLL 2024-09-29 06:12:52.899316 - PARAMETER amp : False 
DLL 2024-09-29 06:12:52.899324 - PARAMETER cudnn_enabled : True 
DLL 2024-09-29 06:12:52.899333 - PARAMETER cudnn_benchmark : False 
DLL 2024-09-29 06:12:52.899341 - PARAMETER disable_uniform_initialize_bn_weight : False 
DLL 2024-09-29 06:12:52.899350 - PARAMETER use_saved_learning_rate : False 
DLL 2024-09-29 06:12:52.899358 - PARAMETER learning_rate : 0.0 
DLL 2024-09-29 06:12:52.899367 - PARAMETER weight_decay : 1e-06 
DLL 2024-09-29 06:12:52.899376 - PARAMETER grad_clip_thresh : 1.0 
DLL 2024-09-29 06:12:52.899385 - PARAMETER batch_size : 256 
DLL 2024-09-29 06:12:52.899394 - PARAMETER grad_clip : 5.0 
DLL 2024-09-29 06:12:52.899402 - PARAMETER load_mel_from_disk : False 
DLL 2024-09-29 06:12:52.899411 - PARAMETER training_files : filelists/ljs_audio_text_train_subset_625_filelist.txt 
DLL 2024-09-29 06:12:52.899419 - PARAMETER validation_files : filelists/ljs_audio_text_val_filelist.txt 
DLL 2024-09-29 06:12:52.899433 - PARAMETER text_cleaners : ['english_cleaners'] 
DLL 2024-09-29 06:12:52.899444 - PARAMETER max_wav_value : 32768.0 
DLL 2024-09-29 06:12:52.899452 - PARAMETER sampling_rate : 22050 
DLL 2024-09-29 06:12:52.899461 - PARAMETER filter_length : 1024 
DLL 2024-09-29 06:12:52.899468 - PARAMETER hop_length : 256 
DLL 2024-09-29 06:12:52.899476 - PARAMETER win_length : 1024 
DLL 2024-09-29 06:12:52.899484 - PARAMETER mel_fmin : 0.0 
DLL 2024-09-29 06:12:52.899493 - PARAMETER mel_fmax : 8000.0 
DLL 2024-09-29 06:12:52.899501 - PARAMETER rank : 0 
DLL 2024-09-29 06:12:52.899509 - PARAMETER world_size : 1 
DLL 2024-09-29 06:12:52.899518 - PARAMETER dist_url : tcp://localhost:23456 
DLL 2024-09-29 06:12:52.899526 - PARAMETER group_name : group_name 
DLL 2024-09-29 06:12:52.899533 - PARAMETER dist_backend : nccl 
DLL 2024-09-29 06:12:52.899542 - PARAMETER bench_class :  
DLL 2024-09-29 06:12:52.899550 - PARAMETER model_name : Tacotron2_PyT 
DLL 2024-09-29 06:12:58.750547 - (0, 0) glob_iter/iters_per_epoch : 0/2 
DLL 2024-09-29 06:13:00.302181 - (0, 0) train_loss : 45.6224365234375 
DLL 2024-09-29 06:13:01.573508 - (0, 0) train_items_per_sec : 50163.87675248419 items/s
DLL 2024-09-29 06:13:01.573595 - (0, 0) train_iter_time : 2.823007493992918 
DLL 2024-09-29 06:13:01.584492 - (0, 1) glob_iter/iters_per_epoch : 1/2 
DLL 2024-09-29 06:13:02.086715 - (0, 1) train_loss : 46.97517395019531 
DLL 2024-09-29 06:13:03.185986 - (0, 1) train_items_per_sec : 91008.40158136944 items/s
DLL 2024-09-29 06:13:03.186043 - (0, 1) train_iter_time : 1.6015114809997613 
DLL 2024-09-29 06:13:03.205628 - (0,) train_items_per_sec : 70586.13916692682 items/s
DLL 2024-09-29 06:13:03.205687 - (0,) train_loss : 46.97517395019531 
DLL 2024-09-29 06:13:03.205704 - (0,) train_epoch_time : 7.9465966610005125 
DLL 2024-09-29 06:13:05.092488 - (0, 2, 0) val_items_per_sec : 129925.77569124434 items/s
DLL 2024-09-29 06:13:05.130990 - (0,) val_loss : 45.37511444091797 None
DLL 2024-09-29 06:13:05.131045 - (0,) val_items_per_sec : 129925.77569124434 items/s
Saving model and optimizer state at epoch 0 to ./checkpoint_Tacotron2_0.pt
Updating symlink ./checkpoint_Tacotron2_last.pt to point to checkpoint_Tacotron2_0.pt
DLL 2024-09-29 06:13:09.361280 - (1, 0) glob_iter/iters_per_epoch : 2/2 
DLL 2024-09-29 06:13:09.969692 - (1, 0) train_loss : 46.49371337890625 
DLL 2024-09-29 06:13:11.061575 - (1, 0) train_items_per_sec : 85146.50016223444 items/s
DLL 2024-09-29 06:13:11.061653 - (1, 0) train_iter_time : 1.7003399989916943 
DLL 2024-09-29 06:13:11.067711 - (1, 1) glob_iter/iters_per_epoch : 3/2 
DLL 2024-09-29 06:13:11.638715 - (1, 1) train_loss : 45.91327667236328 
DLL 2024-09-29 06:13:12.741474 - (1, 1) train_items_per_sec : 85603.9301018967 items/s
DLL 2024-09-29 06:13:12.741552 - (1, 1) train_iter_time : 1.6737782929994864 
DLL 2024-09-29 06:13:12.793038 - (1,) train_items_per_sec : 85375.21513206557 items/s
DLL 2024-09-29 06:13:12.793118 - (1,) train_loss : 45.91327667236328 
DLL 2024-09-29 06:13:12.793136 - (1,) train_epoch_time : 7.288439872994786 
DLL 2024-09-29 06:13:14.643027 - (1, 4, 0) val_items_per_sec : 131715.05585345678 items/s
DLL 2024-09-29 06:13:14.678830 - (1,) val_loss : 45.36166000366211 None
DLL 2024-09-29 06:13:14.678884 - (1,) val_items_per_sec : 131715.05585345678 items/s
DLL 2024-09-29 06:13:18.523962 - (2, 0) glob_iter/iters_per_epoch : 4/2 
DLL 2024-09-29 06:13:19.090302 - (2, 0) train_loss : 47.00718307495117 
DLL 2024-09-29 06:13:20.188323 - (2, 0) train_items_per_sec : 87969.57006185439 items/s
DLL 2024-09-29 06:13:20.188409 - (2, 0) train_iter_time : 1.6644050879986025 
DLL 2024-09-29 06:13:20.194538 - (2, 1) glob_iter/iters_per_epoch : 5/2 
DLL 2024-09-29 06:13:20.684355 - (2, 1) train_loss : 44.74193572998047 
DLL 2024-09-29 06:13:21.760998 - (2, 1) train_items_per_sec : 88722.16573105067 items/s
DLL 2024-09-29 06:13:21.761066 - (2, 1) train_iter_time : 1.566474385006586 
DLL 2024-09-29 06:13:21.808012 - (2,) train_items_per_sec : 88345.86789645253 items/s
DLL 2024-09-29 06:13:21.808097 - (2,) train_loss : 44.74193572998047 
DLL 2024-09-29 06:13:21.808114 - (2,) train_epoch_time : 7.125757928006351 
DLL 2024-09-29 06:13:23.633316 - (2, 6, 0) val_items_per_sec : 136188.64475432108 items/s
DLL 2024-09-29 06:13:23.666819 - (2,) val_loss : 45.350765228271484 None
DLL 2024-09-29 06:13:23.666873 - (2,) val_items_per_sec : 136188.64475432108 items/s
DLL 2024-09-29 06:13:23.670195 - () run_time : 29.652246758996625 s
DLL 2024-09-29 06:13:23.670234 - () val_loss : 45.350765228271484 None
DLL 2024-09-29 06:13:23.670250 - () train_loss : 44.74193572998047 
DLL 2024-09-29 06:13:23.670264 - () train_items_per_sec : 88345.86789645253 items/s
DLL 2024-09-29 06:13:23.670276 - () val_items_per_sec : 136188.64475432108 items/s
DONE!
