DLL 2024-09-29 05:16:48.902663 - PARAMETER output : ./ 
DLL 2024-09-29 05:16:48.902736 - PARAMETER dataset_path : /data/tacotron2/LJSpeech-1.1 
DLL 2024-09-29 05:16:48.902751 - PARAMETER model_name : Tacotron2 
DLL 2024-09-29 05:16:48.902762 - PARAMETER log_file : nvlog.json 
DLL 2024-09-29 05:16:48.902772 - PARAMETER anneal_steps : None 
DLL 2024-09-29 05:16:48.902782 - PARAMETER anneal_factor : 0.1 
DLL 2024-09-29 05:16:48.902792 - PARAMETER config_file : None 
DLL 2024-09-29 05:16:48.902800 - PARAMETER seed : None 
DLL 2024-09-29 05:16:48.902809 - PARAMETER epochs : 2 
DLL 2024-09-29 05:16:48.902818 - PARAMETER epochs_per_checkpoint : 50 
DLL 2024-09-29 05:16:48.902827 - PARAMETER checkpoint_path :  
DLL 2024-09-29 05:16:48.902836 - PARAMETER resume_from_last : False 
DLL 2024-09-29 05:16:48.902846 - PARAMETER dynamic_loss_scaling : True 
DLL 2024-09-29 05:16:48.902855 - PARAMETER amp : False 
DLL 2024-09-29 05:16:48.902864 - PARAMETER cudnn_enabled : True 
DLL 2024-09-29 05:16:48.902873 - PARAMETER cudnn_benchmark : False 
DLL 2024-09-29 05:16:48.902881 - PARAMETER disable_uniform_initialize_bn_weight : False 
DLL 2024-09-29 05:16:48.902889 - PARAMETER use_saved_learning_rate : False 
DLL 2024-09-29 05:16:48.902898 - PARAMETER learning_rate : 0.0 
DLL 2024-09-29 05:16:48.902907 - PARAMETER weight_decay : 1e-06 
DLL 2024-09-29 05:16:48.902916 - PARAMETER grad_clip_thresh : 1.0 
DLL 2024-09-29 05:16:48.902925 - PARAMETER batch_size : 256 
DLL 2024-09-29 05:16:48.902934 - PARAMETER grad_clip : 5.0 
DLL 2024-09-29 05:16:48.902943 - PARAMETER load_mel_from_disk : False 
DLL 2024-09-29 05:16:48.902951 - PARAMETER training_files : filelists/ljs_audio_text_train_subset_625_filelist.txt 
DLL 2024-09-29 05:16:48.902960 - PARAMETER validation_files : filelists/ljs_audio_text_val_filelist.txt 
DLL 2024-09-29 05:16:48.902969 - PARAMETER text_cleaners : ['english_cleaners'] 
DLL 2024-09-29 05:16:48.902981 - PARAMETER max_wav_value : 32768.0 
DLL 2024-09-29 05:16:48.902990 - PARAMETER sampling_rate : 22050 
DLL 2024-09-29 05:16:48.902998 - PARAMETER filter_length : 1024 
DLL 2024-09-29 05:16:48.903006 - PARAMETER hop_length : 256 
DLL 2024-09-29 05:16:48.903017 - PARAMETER win_length : 1024 
DLL 2024-09-29 05:16:48.903026 - PARAMETER mel_fmin : 0.0 
DLL 2024-09-29 05:16:48.903034 - PARAMETER mel_fmax : 8000.0 
DLL 2024-09-29 05:16:48.903043 - PARAMETER rank : 0 
DLL 2024-09-29 05:16:48.903051 - PARAMETER world_size : 1 
DLL 2024-09-29 05:16:48.903059 - PARAMETER dist_url : tcp://localhost:23456 
DLL 2024-09-29 05:16:48.903067 - PARAMETER group_name : group_name 
DLL 2024-09-29 05:16:48.903075 - PARAMETER dist_backend : nccl 
DLL 2024-09-29 05:16:48.903083 - PARAMETER bench_class :  
DLL 2024-09-29 05:16:48.903091 - PARAMETER model_name : Tacotron2_PyT 
DLL 2024-09-29 05:16:54.458256 - (0, 0) glob_iter/iters_per_epoch : 0/2 
DLL 2024-09-29 05:16:55.974735 - (0, 0) train_loss : 47.6939582824707 
DLL 2024-09-29 05:16:57.317288 - (0, 0) train_items_per_sec : 51030.90045462632 items/s
DLL 2024-09-29 05:16:57.317413 - (0, 0) train_iter_time : 2.8590912310028216 
DLL 2024-09-29 05:16:57.324624 - (0, 1) glob_iter/iters_per_epoch : 1/2 
DLL 2024-09-29 05:16:57.858668 - (0, 1) train_loss : 46.66020202636719 
DLL 2024-09-29 05:16:58.975011 - (0, 1) train_items_per_sec : 87011.28067995491 items/s
DLL 2024-09-29 05:16:58.975122 - (0, 1) train_iter_time : 1.6504066929919645 
DLL 2024-09-29 05:16:58.994399 - (0,) train_items_per_sec : 69021.09056729061 items/s
DLL 2024-09-29 05:16:58.994504 - (0,) train_loss : 46.66020202636719 
DLL 2024-09-29 05:16:58.994522 - (0,) train_epoch_time : 8.432589484000346 
DLL 2024-09-29 05:17:00.964970 - (0, 2, 0) val_items_per_sec : 126897.18547599438 items/s
DLL 2024-09-29 05:17:01.001248 - (0,) val_loss : 45.622962951660156 None
DLL 2024-09-29 05:17:01.001330 - (0,) val_items_per_sec : 126897.18547599438 items/s
Saving model and optimizer state at epoch 0 to ./checkpoint_Tacotron2_0.pt
Updating symlink ./checkpoint_Tacotron2_last.pt to point to checkpoint_Tacotron2_0.pt
DLL 2024-09-29 05:17:05.854578 - (1, 0) glob_iter/iters_per_epoch : 2/2 
DLL 2024-09-29 05:17:06.481860 - (1, 0) train_loss : 47.48298263549805 
DLL 2024-09-29 05:17:07.579546 - (1, 0) train_items_per_sec : 84943.33687688301 items/s
DLL 2024-09-29 05:17:07.579656 - (1, 0) train_iter_time : 1.725020530007896 
DLL 2024-09-29 05:17:07.586418 - (1, 1) glob_iter/iters_per_epoch : 3/2 
DLL 2024-09-29 05:17:08.275789 - (1, 1) train_loss : 46.444129943847656 
DLL 2024-09-29 05:17:09.386502 - (1, 1) train_items_per_sec : 79013.78709940871 items/s
DLL 2024-09-29 05:17:09.386614 - (1, 1) train_iter_time : 1.8001035670022247 
DLL 2024-09-29 05:17:09.432208 - (1,) train_items_per_sec : 81978.56198814587 items/s
DLL 2024-09-29 05:17:09.432316 - (1,) train_loss : 46.444129943847656 
DLL 2024-09-29 05:17:09.432334 - (1,) train_epoch_time : 7.817020549002336 
DLL 2024-09-29 05:17:11.360563 - (1, 4, 0) val_items_per_sec : 132940.7988127975 items/s
DLL 2024-09-29 05:17:11.392527 - (1,) val_loss : 45.649417877197266 None
DLL 2024-09-29 05:17:11.392642 - (1,) val_items_per_sec : 132940.7988127975 items/s
DLL 2024-09-29 05:17:11.396254 - () run_time : 22.117708021993167 s
DLL 2024-09-29 05:17:11.396308 - () val_loss : 45.649417877197266 None
DLL 2024-09-29 05:17:11.396326 - () train_loss : 46.444129943847656 
DLL 2024-09-29 05:17:11.396339 - () train_items_per_sec : 81978.56198814587 items/s
DLL 2024-09-29 05:17:11.396353 - () val_items_per_sec : 132940.7988127975 items/s
DONE!
