OMP: Info #276: omp_set_nested routine deprecated, please use omp_set_max_active_levels instead.
OMP: Info #276: omp_set_nested routine deprecated, please use omp_set_max_active_levels instead.
OMP: Info #276: omp_set_nested routine deprecated, please use omp_set_max_active_levels instead.
OMP: Info #276: omp_set_nested routine deprecated, please use omp_set_max_active_levels instead.
OMP: Info #276: omp_set_nested routine deprecated, please use omp_set_max_active_levels instead.
OMP: Info #276: omp_set_nested routine deprecated, please use omp_set_max_active_levels instead.
OMP: Info #276: omp_set_nested routine deprecated, please use omp_set_max_active_levels instead.
OMP: Info #276: omp_set_nested routine deprecated, please use omp_set_max_active_levels instead.
[W socket.cpp:601] [c10d] The client socket has failed to connect to [localhost]:23456 (errno: 99 - Cannot assign requested address).
[W socket.cpp:601] [c10d] The client socket has failed to connect to [localhost]:23456 (errno: 99 - Cannot assign requested address).
DLL 2023-03-22 22:22:34.651947 - PARAMETER output : ./ 
DLL 2023-03-22 22:22:34.652012 - PARAMETER dataset_path : /data/tacotron2/LJSpeech-1.1 
DLL 2023-03-22 22:22:34.652032 - PARAMETER model_name : Tacotron2 
DLL 2023-03-22 22:22:34.652049 - PARAMETER log_file : nvlog.json 
DLL 2023-03-22 22:22:34.652064 - PARAMETER anneal_steps : None 
DLL 2023-03-22 22:22:34.652080 - PARAMETER anneal_factor : 0.1 
DLL 2023-03-22 22:22:34.652103 - PARAMETER config_file : None 
DLL 2023-03-22 22:22:34.652118 - PARAMETER seed : None 
DLL 2023-03-22 22:22:34.652133 - PARAMETER epochs : 1 
DLL 2023-03-22 22:22:34.652147 - PARAMETER epochs_per_checkpoint : 50 
DLL 2023-03-22 22:22:34.652162 - PARAMETER checkpoint_path :  
DLL 2023-03-22 22:22:34.652176 - PARAMETER resume_from_last : False 
DLL 2023-03-22 22:22:34.652192 - PARAMETER dynamic_loss_scaling : True 
DLL 2023-03-22 22:22:34.652207 - PARAMETER amp : False 
DLL 2023-03-22 22:22:34.652222 - PARAMETER cudnn_enabled : True 
DLL 2023-03-22 22:22:34.652236 - PARAMETER cudnn_benchmark : False 
DLL 2023-03-22 22:22:34.652250 - PARAMETER disable_uniform_initialize_bn_weight : False 
DLL 2023-03-22 22:22:34.652264 - PARAMETER use_saved_learning_rate : False 
DLL 2023-03-22 22:22:34.652279 - PARAMETER learning_rate : 0.0 
DLL 2023-03-22 22:22:34.652296 - PARAMETER weight_decay : 1e-06 
DLL 2023-03-22 22:22:34.652313 - PARAMETER grad_clip_thresh : 1.0 
DLL 2023-03-22 22:22:34.652327 - PARAMETER batch_size : 148 
DLL 2023-03-22 22:22:34.652342 - PARAMETER grad_clip : 5.0 
DLL 2023-03-22 22:22:34.652357 - PARAMETER load_mel_from_disk : False 
DLL 2023-03-22 22:22:34.652371 - PARAMETER training_files : filelists/ljs_audio_text_train_subset_2500_filelist.txt 
DLL 2023-03-22 22:22:34.652385 - PARAMETER validation_files : filelists/ljs_audio_text_val_filelist.txt 
DLL 2023-03-22 22:22:34.652408 - PARAMETER text_cleaners : ['english_cleaners'] 
DLL 2023-03-22 22:22:34.652426 - PARAMETER max_wav_value : 32768.0 
DLL 2023-03-22 22:22:34.652441 - PARAMETER sampling_rate : 22050 
DLL 2023-03-22 22:22:34.652455 - PARAMETER filter_length : 1024 
DLL 2023-03-22 22:22:34.652470 - PARAMETER hop_length : 256 
DLL 2023-03-22 22:22:34.652484 - PARAMETER win_length : 1024 
DLL 2023-03-22 22:22:34.652498 - PARAMETER mel_fmin : 0.0 
DLL 2023-03-22 22:22:34.652514 - PARAMETER mel_fmax : 8000.0 
DLL 2023-03-22 22:22:34.652529 - PARAMETER rank : 0 
DLL 2023-03-22 22:22:34.652543 - PARAMETER world_size : 8 
DLL 2023-03-22 22:22:34.652557 - PARAMETER dist_url : tcp://localhost:23456 
DLL 2023-03-22 22:22:34.652571 - PARAMETER group_name : group_name 
DLL 2023-03-22 22:22:34.652585 - PARAMETER dist_backend : nccl 
DLL 2023-03-22 22:22:34.652599 - PARAMETER bench_class :  
DLL 2023-03-22 22:22:34.652614 - PARAMETER model_name : Tacotron2_PyT 
Initializing Distributed
Done initializing distributed
/opt/conda/lib/python3.8/site-packages/torch/nn/parallel/scatter_gather.py:9: UserWarning: is_namedtuple is deprecated, please use the python checks instead
  warnings.warn("is_namedtuple is deprecated, please use the python checks instead")
/opt/conda/lib/python3.8/site-packages/torch/nn/parallel/scatter_gather.py:9: UserWarning: is_namedtuple is deprecated, please use the python checks instead
  warnings.warn("is_namedtuple is deprecated, please use the python checks instead")
DLL 2023-03-22 22:22:59.145095 - (0, 0) glob_iter/iters_per_epoch : 0/2 
DLL 2023-03-22 22:23:15.420238 - (0, 0) train_loss : 47.408477783203125 
DLL 2023-03-22 22:23:17.268184 - (0, 0) train_items_per_sec : 37212.980200465136 items/s
DLL 2023-03-22 22:23:17.268283 - (0, 0) train_iter_time : 18.123165528988466 
DLL 2023-03-22 22:23:17.285855 - (0, 1) glob_iter/iters_per_epoch : 1/2 
DLL 2023-03-22 22:23:20.246803 - (0, 1) train_loss : 46.44858932495117 
DLL 2023-03-22 22:23:21.793568 - (0, 1) train_items_per_sec : 147089.4222753532 items/s
DLL 2023-03-22 22:23:21.793712 - (0, 1) train_iter_time : 4.50773406913504 
DLL 2023-03-22 22:23:21.832770 - (0,) train_items_per_sec : 92151.20123790916 items/s
DLL 2023-03-22 22:23:21.832888 - (0,) train_loss : 46.44858932495117 
DLL 2023-03-22 22:23:21.832914 - (0,) train_epoch_time : 27.959477802040055 
/opt/conda/lib/python3.8/site-packages/torch/nn/parallel/scatter_gather.py:9: UserWarning: is_namedtuple is deprecated, please use the python checks instead
  warnings.warn("is_namedtuple is deprecated, please use the python checks instead")
/opt/conda/lib/python3.8/site-packages/torch/nn/parallel/scatter_gather.py:9: UserWarning: is_namedtuple is deprecated, please use the python checks instead
  warnings.warn("is_namedtuple is deprecated, please use the python checks instead")
/opt/conda/lib/python3.8/site-packages/torch/nn/parallel/scatter_gather.py:9: UserWarning: is_namedtuple is deprecated, please use the python checks instead
  warnings.warn("is_namedtuple is deprecated, please use the python checks instead")
/opt/conda/lib/python3.8/site-packages/torch/nn/parallel/scatter_gather.py:9: UserWarning: is_namedtuple is deprecated, please use the python checks instead
  warnings.warn("is_namedtuple is deprecated, please use the python checks instead")
/opt/conda/lib/python3.8/site-packages/torch/nn/parallel/scatter_gather.py:9: UserWarning: is_namedtuple is deprecated, please use the python checks instead
  warnings.warn("is_namedtuple is deprecated, please use the python checks instead")
/opt/conda/lib/python3.8/site-packages/torch/nn/parallel/scatter_gather.py:9: UserWarning: is_namedtuple is deprecated, please use the python checks instead
  warnings.warn("is_namedtuple is deprecated, please use the python checks instead")
DLL 2023-03-22 22:23:22.973486 - (0, 2, 0) val_items_per_sec : 104219.14508607386 items/s
DLL 2023-03-22 22:23:23.008938 - (0,) val_loss : 48.09159851074219 None
DLL 2023-03-22 22:23:23.008982 - (0,) val_items_per_sec : 104219.14508607386 items/s
Saving model and optimizer state at epoch 0 to ./checkpoint_Tacotron2_0.pt
Updating symlink ./checkpoint_Tacotron2_last.pt to point to checkpoint_Tacotron2_0.pt
DLL 2023-03-22 22:23:23.681064 - () run_time : 44.80989809986204 s
DLL 2023-03-22 22:23:23.681220 - () val_loss : 48.09159851074219 None
DLL 2023-03-22 22:23:23.681269 - () train_loss : 46.44858932495117 
DLL 2023-03-22 22:23:23.681308 - () train_items_per_sec : 92151.20123790916 items/s
DLL 2023-03-22 22:23:23.681345 - () val_items_per_sec : 104219.14508607386 items/s
DONE!
