DLL 2022-06-30 20:29:14.158606 - PARAMETER output : ./ 
DLL 2022-06-30 20:29:14.158677 - PARAMETER dataset_path : /data/tacotron2/LJSpeech-1.1 
DLL 2022-06-30 20:29:14.158698 - PARAMETER model_name : Tacotron2 
DLL 2022-06-30 20:29:14.158716 - PARAMETER log_file : nvlog.json 
DLL 2022-06-30 20:29:14.158733 - PARAMETER anneal_steps : None 
DLL 2022-06-30 20:29:14.158749 - PARAMETER anneal_factor : 0.1 
DLL 2022-06-30 20:29:14.158766 - PARAMETER epochs : 2 
DLL 2022-06-30 20:29:14.158783 - PARAMETER epochs_per_checkpoint : 50 
DLL 2022-06-30 20:29:14.158798 - PARAMETER checkpoint_path :  
DLL 2022-06-30 20:29:14.158813 - PARAMETER resume_from_last : False 
DLL 2022-06-30 20:29:14.158828 - PARAMETER dynamic_loss_scaling : True 
DLL 2022-06-30 20:29:14.158844 - PARAMETER amp : False 
DLL 2022-06-30 20:29:14.158860 - PARAMETER cudnn_enabled : True 
DLL 2022-06-30 20:29:14.158875 - PARAMETER cudnn_benchmark : False 
DLL 2022-06-30 20:29:14.158889 - PARAMETER disable_uniform_initialize_bn_weight : False 
DLL 2022-06-30 20:29:14.158904 - PARAMETER use_saved_learning_rate : False 
DLL 2022-06-30 20:29:14.158918 - PARAMETER learning_rate : 0.0 
DLL 2022-06-30 20:29:14.158935 - PARAMETER weight_decay : 1e-06 
DLL 2022-06-30 20:29:14.158952 - PARAMETER grad_clip_thresh : 1.0 
DLL 2022-06-30 20:29:14.158969 - PARAMETER batch_size : 80 
DLL 2022-06-30 20:29:14.158983 - PARAMETER grad_clip : 5.0 
DLL 2022-06-30 20:29:14.158998 - PARAMETER load_mel_from_disk : False 
DLL 2022-06-30 20:29:14.159014 - PARAMETER training_files : filelists/ljs_audio_text_train_subset_625_filelist.txt 
DLL 2022-06-30 20:29:14.159029 - PARAMETER validation_files : filelists/ljs_audio_text_val_filelist.txt 
DLL 2022-06-30 20:29:14.159043 - PARAMETER text_cleaners : ['english_cleaners'] 
DLL 2022-06-30 20:29:14.159061 - PARAMETER max_wav_value : 32768.0 
DLL 2022-06-30 20:29:14.159075 - PARAMETER sampling_rate : 22050 
DLL 2022-06-30 20:29:14.159090 - PARAMETER filter_length : 1024 
DLL 2022-06-30 20:29:14.159104 - PARAMETER hop_length : 256 
DLL 2022-06-30 20:29:14.159118 - PARAMETER win_length : 1024 
DLL 2022-06-30 20:29:14.159132 - PARAMETER mel_fmin : 0.0 
DLL 2022-06-30 20:29:14.159147 - PARAMETER mel_fmax : 8000.0 
DLL 2022-06-30 20:29:14.159161 - PARAMETER rank : 0 
DLL 2022-06-30 20:29:14.159176 - PARAMETER world_size : 1 
DLL 2022-06-30 20:29:14.159190 - PARAMETER dist_url : tcp://localhost:23456 
DLL 2022-06-30 20:29:14.159206 - PARAMETER group_name : group_name 
DLL 2022-06-30 20:29:14.159221 - PARAMETER dist_backend : nccl 
DLL 2022-06-30 20:29:14.159235 - PARAMETER bench_class :  
DLL 2022-06-30 20:29:14.159249 - PARAMETER model_name : Tacotron2_PyT 
train.py:402: SyntaxWarning: "is not" with a literal. Did you mean "!="?
  if args.checkpoint_path is not "":
DLL 2022-06-30 20:29:36.935551 - (0, 0) glob_iter/iters_per_epoch : 0/7 
DLL 2022-06-30 20:29:39.899244 - (0, 0) train_loss : 43.87458419799805 
DLL 2022-06-30 20:29:41.668214 - (0, 0) train_items_per_sec : 9005.886400288176 
DLL 2022-06-30 20:29:41.668307 - (0, 0) train_iter_time : 4.732682392999777 
DLL 2022-06-30 20:29:41.672600 - (0, 1) glob_iter/iters_per_epoch : 1/7 
DLL 2022-06-30 20:29:42.330036 - (0, 1) train_loss : 48.29177474975586 
DLL 2022-06-30 20:29:43.923704 - (0, 1) train_items_per_sec : 20412.544720802078 
DLL 2022-06-30 20:29:43.923793 - (0, 1) train_iter_time : 2.2511157049993926 
DLL 2022-06-30 20:29:43.933596 - (0, 2) glob_iter/iters_per_epoch : 2/7 
DLL 2022-06-30 20:29:44.584716 - (0, 2) train_loss : 47.50630187988281 
DLL 2022-06-30 20:29:46.126096 - (0, 2) train_items_per_sec : 20342.417745528757 
DLL 2022-06-30 20:29:46.126184 - (0, 2) train_iter_time : 2.192512245001126 
DLL 2022-06-30 20:29:46.137965 - (0, 3) glob_iter/iters_per_epoch : 3/7 
DLL 2022-06-30 20:29:46.844831 - (0, 3) train_loss : 50.1615104675293 
DLL 2022-06-30 20:29:48.371200 - (0, 3) train_items_per_sec : 21315.59296154147 
DLL 2022-06-30 20:29:48.371294 - (0, 3) train_iter_time : 2.233247749001748 
DLL 2022-06-30 20:29:48.385668 - (0, 4) glob_iter/iters_per_epoch : 4/7 
DLL 2022-06-30 20:29:49.066274 - (0, 4) train_loss : 47.939842224121094 
DLL 2022-06-30 20:29:50.596847 - (0, 4) train_items_per_sec : 20680.68979278165 
DLL 2022-06-30 20:29:50.596932 - (0, 4) train_iter_time : 2.211193168999671 
DLL 2022-06-30 20:29:50.609852 - (0, 5) glob_iter/iters_per_epoch : 5/7 
DLL 2022-06-30 20:29:51.281846 - (0, 5) train_loss : 48.178627014160156 
DLL 2022-06-30 20:29:52.927063 - (0, 5) train_items_per_sec : 20105.958192537964 
DLL 2022-06-30 20:29:52.927153 - (0, 5) train_iter_time : 2.3172235589991033 
DLL 2022-06-30 20:29:52.939461 - (0, 6) glob_iter/iters_per_epoch : 6/7 
DLL 2022-06-30 20:29:53.684661 - (0, 6) train_loss : 45.65354537963867 
DLL 2022-06-30 20:29:55.208796 - (0, 6) train_items_per_sec : 19505.189734600604 
DLL 2022-06-30 20:29:55.208889 - (0, 6) train_iter_time : 2.2693447540004854 
DLL 2022-06-30 20:29:55.239611 - (0,) train_items_per_sec : 18766.897078297243 
DLL 2022-06-30 20:29:55.239652 - (0,) train_loss : 45.65354537963867 
DLL 2022-06-30 20:29:55.239672 - (0,) train_epoch_time : 19.919475548000264 
DLL 2022-06-30 20:29:57.358708 - (0, 7, 0) val_items_per_sec : 74792.78051066959 
DLL 2022-06-30 20:29:57.923235 - (0, 7, 1) val_items_per_sec : 22489.835748505313 
DLL 2022-06-30 20:29:57.967088 - (0,) val_loss : 47.172386169433594 
DLL 2022-06-30 20:29:57.967231 - (0,) val_items_per_sec : 48641.30812958745 
Saving model and optimizer state at epoch 0 to ./checkpoint_Tacotron2_0.pt
|||| Updating symlink ./checkpoint_Tacotron2_last.pt to point to checkpoint_Tacotron2_0.pt
DLL 2022-06-30 20:30:00.070487 - (1, 0) glob_iter/iters_per_epoch : 7/7 
DLL 2022-06-30 20:30:00.785260 - (1, 0) train_loss : 46.97032165527344 
DLL 2022-06-30 20:30:02.321570 - (1, 0) train_items_per_sec : 19929.18570346562 
DLL 2022-06-30 20:30:02.321700 - (1, 0) train_iter_time : 2.251120576000176 
DLL 2022-06-30 20:30:02.335729 - (1, 1) glob_iter/iters_per_epoch : 8/7 
DLL 2022-06-30 20:30:02.994671 - (1, 1) train_loss : 47.72003173828125 
DLL 2022-06-30 20:30:04.497146 - (1, 1) train_items_per_sec : 20907.317344490086 
DLL 2022-06-30 20:30:04.497244 - (1, 1) train_iter_time : 2.1614442090012744 
DLL 2022-06-30 20:30:04.512522 - (1, 2) glob_iter/iters_per_epoch : 9/7 
DLL 2022-06-30 20:30:05.190165 - (1, 2) train_loss : 49.74748229980469 
DLL 2022-06-30 20:30:06.723024 - (1, 2) train_items_per_sec : 21353.38145114673 
DLL 2022-06-30 20:30:06.723111 - (1, 2) train_iter_time : 2.210516405000817 
DLL 2022-06-30 20:30:06.738249 - (1, 3) glob_iter/iters_per_epoch : 10/7 
DLL 2022-06-30 20:30:07.460668 - (1, 3) train_loss : 47.00581359863281 
DLL 2022-06-30 20:30:09.009932 - (1, 3) train_items_per_sec : 20090.27181259523 
DLL 2022-06-30 20:30:09.010025 - (1, 3) train_iter_time : 2.2716964920000464 
DLL 2022-06-30 20:30:09.025141 - (1, 4) glob_iter/iters_per_epoch : 11/7 
DLL 2022-06-30 20:30:09.719476 - (1, 4) train_loss : 47.30018997192383 
DLL 2022-06-30 20:30:11.287527 - (1, 4) train_items_per_sec : 20132.17566507868 
DLL 2022-06-30 20:30:11.287626 - (1, 4) train_iter_time : 2.262398300001223 
DLL 2022-06-30 20:30:11.302904 - (1, 5) glob_iter/iters_per_epoch : 12/7 
DLL 2022-06-30 20:30:11.993709 - (1, 5) train_loss : 45.39375305175781 
DLL 2022-06-30 20:30:13.571596 - (1, 5) train_items_per_sec : 19635.005955956898 
DLL 2022-06-30 20:30:13.571687 - (1, 5) train_iter_time : 2.2687031570003455 
DLL 2022-06-30 20:30:13.587979 - (1, 6) glob_iter/iters_per_epoch : 13/7 
DLL 2022-06-30 20:30:14.337694 - (1, 6) train_loss : 45.39747619628906 
DLL 2022-06-30 20:30:15.904577 - (1, 6) train_items_per_sec : 18910.80997725664 
DLL 2022-06-30 20:30:15.904672 - (1, 6) train_iter_time : 2.316611506999834 
DLL 2022-06-30 20:30:15.956172 - (1,) train_items_per_sec : 20136.8782728557 
DLL 2022-06-30 20:30:15.956270 - (1,) train_loss : 45.39747619628906 
DLL 2022-06-30 20:30:15.956292 - (1,) train_epoch_time : 17.47205104400018 
DLL 2022-06-30 20:30:18.097555 - (1, 14, 0) val_items_per_sec : 76391.65914906435 
DLL 2022-06-30 20:30:18.639009 - (1, 14, 1) val_items_per_sec : 22547.944538101605 
DLL 2022-06-30 20:30:18.691468 - (1,) val_loss : 47.09648132324219 
DLL 2022-06-30 20:30:18.691575 - (1,) val_items_per_sec : 49469.80184358297 
DLL 2022-06-30 20:30:18.692895 - () run_time : 63.12050370200086 
DLL 2022-06-30 20:30:18.692933 - () val_loss : 47.09648132324219 
DLL 2022-06-30 20:30:18.692953 - () train_items_per_sec : 20136.8782728557 
DONE!
