OMP: Info #276: omp_set_nested routine deprecated, please use omp_set_max_active_levels instead.
OMP: Info #276: omp_set_nested routine deprecated, please use omp_set_max_active_levels instead.
OMP: Info #276: omp_set_nested routine deprecated, please use omp_set_max_active_levels instead.
OMP: Info #276: omp_set_nested routine deprecated, please use omp_set_max_active_levels instead.
[W socket.cpp:601] [c10d] The client socket has failed to connect to [localhost]:23456 (errno: 99 - Cannot assign requested address).
[W socket.cpp:601] [c10d] The client socket has failed to connect to [localhost]:23456 (errno: 99 - Cannot assign requested address).
[W socket.cpp:601] [c10d] The client socket has failed to connect to [localhost]:23456 (errno: 99 - Cannot assign requested address).
DLL 2022-11-18 00:45:38.248220 - PARAMETER output : ./ 
DLL 2022-11-18 00:45:38.248284 - PARAMETER dataset_path : /data/tacotron2/LJSpeech-1.1 
DLL 2022-11-18 00:45:38.248306 - PARAMETER model_name : WaveGlow 
DLL 2022-11-18 00:45:38.248322 - PARAMETER log_file : nvlog.json 
DLL 2022-11-18 00:45:38.248338 - PARAMETER anneal_steps : None 
DLL 2022-11-18 00:45:38.248354 - PARAMETER anneal_factor : 0.1 
DLL 2022-11-18 00:45:38.248370 - PARAMETER config_file : None 
DLL 2022-11-18 00:45:38.248385 - PARAMETER seed : None 
DLL 2022-11-18 00:45:38.248399 - PARAMETER epochs : 2 
DLL 2022-11-18 00:45:38.248414 - PARAMETER epochs_per_checkpoint : 50 
DLL 2022-11-18 00:45:38.248429 - PARAMETER checkpoint_path :  
DLL 2022-11-18 00:45:38.248443 - PARAMETER resume_from_last : False 
DLL 2022-11-18 00:45:38.248460 - PARAMETER dynamic_loss_scaling : True 
DLL 2022-11-18 00:45:38.248475 - PARAMETER amp : False 
DLL 2022-11-18 00:45:38.248490 - PARAMETER cudnn_enabled : True 
DLL 2022-11-18 00:45:38.248504 - PARAMETER cudnn_benchmark : True 
DLL 2022-11-18 00:45:38.248518 - PARAMETER disable_uniform_initialize_bn_weight : False 
DLL 2022-11-18 00:45:38.248533 - PARAMETER use_saved_learning_rate : False 
DLL 2022-11-18 00:45:38.248547 - PARAMETER learning_rate : 0.0 
DLL 2022-11-18 00:45:38.248562 - PARAMETER weight_decay : 0.0 
DLL 2022-11-18 00:45:38.248577 - PARAMETER grad_clip_thresh : 65504.0 
DLL 2022-11-18 00:45:38.248592 - PARAMETER batch_size : 32 
DLL 2022-11-18 00:45:38.248608 - PARAMETER grad_clip : 5.0 
DLL 2022-11-18 00:45:38.248623 - PARAMETER load_mel_from_disk : False 
DLL 2022-11-18 00:45:38.248637 - PARAMETER training_files : filelists/ljs_audio_text_train_subset_625_filelist.txt 
DLL 2022-11-18 00:45:38.248652 - PARAMETER validation_files : filelists/ljs_audio_text_val_filelist.txt 
DLL 2022-11-18 00:45:38.248667 - PARAMETER text_cleaners : ['english_cleaners'] 
DLL 2022-11-18 00:45:38.248685 - PARAMETER max_wav_value : 32768.0 
DLL 2022-11-18 00:45:38.248700 - PARAMETER sampling_rate : 22050 
DLL 2022-11-18 00:45:38.248715 - PARAMETER filter_length : 1024 
DLL 2022-11-18 00:45:38.248729 - PARAMETER hop_length : 256 
DLL 2022-11-18 00:45:38.248744 - PARAMETER win_length : 1024 
DLL 2022-11-18 00:45:38.248758 - PARAMETER mel_fmin : 0.0 
DLL 2022-11-18 00:45:38.248772 - PARAMETER mel_fmax : 8000.0 
DLL 2022-11-18 00:45:38.248787 - PARAMETER rank : 0 
DLL 2022-11-18 00:45:38.248801 - PARAMETER world_size : 4 
DLL 2022-11-18 00:45:38.248815 - PARAMETER dist_url : tcp://localhost:23456 
DLL 2022-11-18 00:45:38.248830 - PARAMETER group_name : group_name 
DLL 2022-11-18 00:45:38.248845 - PARAMETER dist_backend : nccl 
DLL 2022-11-18 00:45:38.248859 - PARAMETER bench_class :  
DLL 2022-11-18 00:45:38.248874 - PARAMETER model_name : Tacotron2_PyT 
Initializing Distributed
Done initializing distributed
DLL 2022-11-18 00:45:55.032746 - (0, 0) glob_iter/iters_per_epoch : 0/4 
DLL 2022-11-18 00:46:02.815062 - (0, 0) train_loss : 0.0019600591622292995 
DLL 2022-11-18 00:46:05.758801 - (0, 0) train_items_per_sec : 95467.899836012 items/s
DLL 2022-11-18 00:46:05.758888 - (0, 0) train_iter_time : 10.726118431000941 
DLL 2022-11-18 00:46:05.760948 - (0, 1) glob_iter/iters_per_epoch : 1/4 
DLL 2022-11-18 00:46:06.101253 - (0, 1) train_loss : 0.0022301645949482918 
DLL 2022-11-18 00:46:06.999277 - (0, 1) train_items_per_sec : 826914.4790031882 items/s
DLL 2022-11-18 00:46:06.999361 - (0, 1) train_iter_time : 1.2383384570002818 
DLL 2022-11-18 00:46:07.001175 - (0, 2) glob_iter/iters_per_epoch : 2/4 
DLL 2022-11-18 00:46:07.299629 - (0, 2) train_loss : 0.0023498479276895523 
DLL 2022-11-18 00:46:08.182097 - (0, 2) train_items_per_sec : 867118.8509689912 items/s
DLL 2022-11-18 00:46:08.182199 - (0, 2) train_iter_time : 1.1809223140007816 
DLL 2022-11-18 00:46:08.184072 - (0, 3) glob_iter/iters_per_epoch : 3/4 
DLL 2022-11-18 00:46:08.501641 - (0, 3) train_loss : 0.002203848212957382 
DLL 2022-11-18 00:46:09.385103 - (0, 3) train_items_per_sec : 852596.4392047198 items/s
DLL 2022-11-18 00:46:09.385190 - (0, 3) train_iter_time : 1.201037152999561 
DLL 2022-11-18 00:46:09.454156 - (0,) train_items_per_sec : 660524.4172532278 items/s
DLL 2022-11-18 00:46:09.454248 - (0,) train_loss : 0.002203848212957382 
DLL 2022-11-18 00:46:09.454271 - (0,) train_epoch_time : 14.756704366000122 
/opt/conda/lib/python3.8/site-packages/torch/nn/parallel/scatter_gather.py:9: UserWarning: is_namedtuple is deprecated, please use the python checks instead
  warnings.warn("is_namedtuple is deprecated, please use the python checks instead")
/opt/conda/lib/python3.8/site-packages/torch/nn/parallel/scatter_gather.py:9: UserWarning: is_namedtuple is deprecated, please use the python checks instead
  warnings.warn("is_namedtuple is deprecated, please use the python checks instead")
/opt/conda/lib/python3.8/site-packages/torch/nn/parallel/scatter_gather.py:9: UserWarning: is_namedtuple is deprecated, please use the python checks instead
  warnings.warn("is_namedtuple is deprecated, please use the python checks instead")
/opt/conda/lib/python3.8/site-packages/torch/nn/parallel/scatter_gather.py:9: UserWarning: is_namedtuple is deprecated, please use the python checks instead
  warnings.warn("is_namedtuple is deprecated, please use the python checks instead")
DLL 2022-11-18 00:46:14.136728 - (0, 4, 0) val_items_per_sec : 178056.61554565662 items/s
DLL 2022-11-18 00:46:14.178093 - (0,) val_loss : 0.002271747449412942 None
DLL 2022-11-18 00:46:14.178239 - (0,) val_items_per_sec : 178056.61554565662 items/s
Saving model and optimizer state at epoch 0 to ./checkpoint_WaveGlow_0.pt
Updating symlink ./checkpoint_WaveGlow_last.pt to point to checkpoint_WaveGlow_0.pt
DLL 2022-11-18 00:46:18.890683 - (1, 0) glob_iter/iters_per_epoch : 4/4 
DLL 2022-11-18 00:46:19.194143 - (1, 0) train_loss : 0.00229282327927649 
DLL 2022-11-18 00:46:20.095249 - (1, 0) train_items_per_sec : 850034.8961738412 items/s
DLL 2022-11-18 00:46:20.095334 - (1, 0) train_iter_time : 1.2046564259999286 
DLL 2022-11-18 00:46:20.097390 - (1, 1) glob_iter/iters_per_epoch : 5/4 
DLL 2022-11-18 00:46:20.393511 - (1, 1) train_loss : 0.001982318004593253 
DLL 2022-11-18 00:46:21.287490 - (1, 1) train_items_per_sec : 860425.1987403661 items/s
DLL 2022-11-18 00:46:21.287554 - (1, 1) train_iter_time : 1.190109264000057 
DLL 2022-11-18 00:46:21.290703 - (1, 2) glob_iter/iters_per_epoch : 6/4 
DLL 2022-11-18 00:46:21.590214 - (1, 2) train_loss : 0.002139176707714796 
DLL 2022-11-18 00:46:22.485073 - (1, 2) train_items_per_sec : 857341.4991493184 items/s
DLL 2022-11-18 00:46:22.485154 - (1, 2) train_iter_time : 1.194389868000144 
DLL 2022-11-18 00:46:22.487196 - (1, 3) glob_iter/iters_per_epoch : 7/4 
DLL 2022-11-18 00:46:22.791576 - (1, 3) train_loss : 0.0022842874750494957 
DLL 2022-11-18 00:46:23.685770 - (1, 3) train_items_per_sec : 854341.5182651368 items/s
DLL 2022-11-18 00:46:23.685830 - (1, 3) train_iter_time : 1.198583912999311 
DLL 2022-11-18 00:46:23.724246 - (1,) train_items_per_sec : 855535.7780821656 items/s
DLL 2022-11-18 00:46:23.724355 - (1,) train_loss : 0.0022842874750494957 
DLL 2022-11-18 00:46:23.724377 - (1,) train_epoch_time : 5.022839176999696 
DLL 2022-11-18 00:46:24.197310 - (1, 8, 0) val_items_per_sec : 2637540.013376584 items/s
DLL 2022-11-18 00:46:24.234601 - (1,) val_loss : 0.0019422383047640324 None
DLL 2022-11-18 00:46:24.234691 - (1,) val_items_per_sec : 2637540.013376584 items/s
DLL 2022-11-18 00:46:24.238225 - () run_time : 43.086974725998516 s
DLL 2022-11-18 00:46:24.238301 - () val_loss : 0.0019422383047640324 None
DLL 2022-11-18 00:46:24.238347 - () train_loss : 0.0022842874750494957 
DLL 2022-11-18 00:46:24.238385 - () train_items_per_sec : 855535.7780821656 items/s
DLL 2022-11-18 00:46:24.238423 - () val_items_per_sec : 2637540.013376584 items/s
DONE!
