DLL 2024-06-12 23:23:35.440168 - PARAMETER output : ./ 
DLL 2024-06-12 23:23:35.440216 - PARAMETER dataset_path : /data/tacotron2/LJSpeech-1.1 
DLL 2024-06-12 23:23:35.440232 - PARAMETER model_name : Tacotron2 
DLL 2024-06-12 23:23:35.440243 - PARAMETER log_file : nvlog.json 
DLL 2024-06-12 23:23:35.440253 - PARAMETER anneal_steps : None 
DLL 2024-06-12 23:23:35.440263 - PARAMETER anneal_factor : 0.1 
DLL 2024-06-12 23:23:35.440274 - PARAMETER config_file : None 
DLL 2024-06-12 23:23:35.440283 - PARAMETER seed : None 
DLL 2024-06-12 23:23:35.440292 - PARAMETER epochs : 2 
DLL 2024-06-12 23:23:35.440301 - PARAMETER epochs_per_checkpoint : 50 
DLL 2024-06-12 23:23:35.440310 - PARAMETER checkpoint_path :  
DLL 2024-06-12 23:23:35.440319 - PARAMETER resume_from_last : False 
DLL 2024-06-12 23:23:35.440329 - PARAMETER dynamic_loss_scaling : True 
DLL 2024-06-12 23:23:35.440338 - PARAMETER amp : False 
DLL 2024-06-12 23:23:35.440346 - PARAMETER cudnn_enabled : True 
DLL 2024-06-12 23:23:35.440354 - PARAMETER cudnn_benchmark : False 
DLL 2024-06-12 23:23:35.440363 - PARAMETER disable_uniform_initialize_bn_weight : False 
DLL 2024-06-12 23:23:35.440372 - PARAMETER use_saved_learning_rate : False 
DLL 2024-06-12 23:23:35.440381 - PARAMETER learning_rate : 0.0 
DLL 2024-06-12 23:23:35.440389 - PARAMETER weight_decay : 1e-06 
DLL 2024-06-12 23:23:35.440399 - PARAMETER grad_clip_thresh : 1.0 
DLL 2024-06-12 23:23:35.440407 - PARAMETER batch_size : 256 
DLL 2024-06-12 23:23:35.440416 - PARAMETER grad_clip : 5.0 
DLL 2024-06-12 23:23:35.440425 - PARAMETER load_mel_from_disk : False 
DLL 2024-06-12 23:23:35.440433 - PARAMETER training_files : filelists/ljs_audio_text_train_subset_625_filelist.txt 
DLL 2024-06-12 23:23:35.440442 - PARAMETER validation_files : filelists/ljs_audio_text_val_filelist.txt 
DLL 2024-06-12 23:23:35.440451 - PARAMETER text_cleaners : ['english_cleaners'] 
DLL 2024-06-12 23:23:35.440463 - PARAMETER max_wav_value : 32768.0 
DLL 2024-06-12 23:23:35.440471 - PARAMETER sampling_rate : 22050 
DLL 2024-06-12 23:23:35.440480 - PARAMETER filter_length : 1024 
DLL 2024-06-12 23:23:35.440489 - PARAMETER hop_length : 256 
DLL 2024-06-12 23:23:35.440498 - PARAMETER win_length : 1024 
DLL 2024-06-12 23:23:35.440506 - PARAMETER mel_fmin : 0.0 
DLL 2024-06-12 23:23:35.440514 - PARAMETER mel_fmax : 8000.0 
DLL 2024-06-12 23:23:35.440523 - PARAMETER rank : 0 
DLL 2024-06-12 23:23:35.440532 - PARAMETER world_size : 2 
DLL 2024-06-12 23:23:35.440540 - PARAMETER dist_url : tcp://localhost:23456 
DLL 2024-06-12 23:23:35.440548 - PARAMETER group_name : group_name 
DLL 2024-06-12 23:23:35.440556 - PARAMETER dist_backend : nccl 
DLL 2024-06-12 23:23:35.440565 - PARAMETER bench_class :  
DLL 2024-06-12 23:23:35.440574 - PARAMETER model_name : Tacotron2_PyT 
Initializing Distributed
Done initializing distributed
DLL 2024-06-12 23:23:47.657576 - (0, 0) glob_iter/iters_per_epoch : 0/1 
DLL 2024-06-12 23:23:50.935772 - (0, 0) train_loss : 46.56626892089844 
DLL 2024-06-12 23:23:52.297778 - (0, 0) train_items_per_sec : 62248.68583577209 items/s
DLL 2024-06-12 23:23:52.297869 - (0, 0) train_iter_time : 4.64027466799962 
DLL 2024-06-12 23:23:52.333260 - (0,) train_items_per_sec : 62248.68583577209 items/s
DLL 2024-06-12 23:23:52.333350 - (0,) train_loss : 46.56626892089844 
DLL 2024-06-12 23:23:52.333384 - (0,) train_epoch_time : 8.344082539999363 
DLL 2024-06-12 23:23:53.475642 - (0, 1, 0) val_items_per_sec : 140808.73645580703 items/s
DLL 2024-06-12 23:23:53.517827 - (0,) val_loss : 45.75444793701172 None
DLL 2024-06-12 23:23:53.517887 - (0,) val_items_per_sec : 140808.73645580703 items/s
Saving model and optimizer state at epoch 0 to ./checkpoint_Tacotron2_0.pt
Updating symlink ./checkpoint_Tacotron2_last.pt to point to checkpoint_Tacotron2_0.pt
DLL 2024-06-12 23:23:57.896569 - (1, 0) glob_iter/iters_per_epoch : 1/1 
DLL 2024-06-12 23:23:58.602751 - (1, 0) train_loss : 46.90019226074219 
DLL 2024-06-12 23:23:59.708274 - (1, 0) train_items_per_sec : 160569.8503176061 items/s
DLL 2024-06-12 23:23:59.708356 - (1, 0) train_iter_time : 1.8117473450001853 
DLL 2024-06-12 23:23:59.763887 - (1,) train_items_per_sec : 160569.8503176061 items/s
DLL 2024-06-12 23:23:59.763971 - (1,) train_loss : 46.90019226074219 
DLL 2024-06-12 23:23:59.763990 - (1,) train_epoch_time : 5.738781348001794 
DLL 2024-06-12 23:24:00.954144 - (1, 2, 0) val_items_per_sec : 126791.74904944867 items/s
DLL 2024-06-12 23:24:00.996729 - (1,) val_loss : 45.74971008300781 None
DLL 2024-06-12 23:24:00.996797 - (1,) val_items_per_sec : 126791.74904944867 items/s
DLL 2024-06-12 23:24:00.998911 - () run_time : 21.09061576500244 s
DLL 2024-06-12 23:24:00.998944 - () val_loss : 45.74971008300781 None
DLL 2024-06-12 23:24:00.998959 - () train_loss : 46.90019226074219 
DLL 2024-06-12 23:24:00.998972 - () train_items_per_sec : 160569.8503176061 items/s
DLL 2024-06-12 23:24:00.998983 - () val_items_per_sec : 126791.74904944867 items/s
DONE!
