OMP: Info #276: omp_set_nested routine deprecated, please use omp_set_max_active_levels instead.
OMP: Info #276: omp_set_nested routine deprecated, please use omp_set_max_active_levels instead.
DLL 2022-12-14 23:15:47.319753 - PARAMETER output : ./ 
DLL 2022-12-14 23:15:47.319806 - PARAMETER dataset_path : /data/tacotron2/LJSpeech-1.1 
DLL 2022-12-14 23:15:47.319829 - PARAMETER model_name : Tacotron2 
DLL 2022-12-14 23:15:47.319848 - PARAMETER log_file : nvlog.json 
DLL 2022-12-14 23:15:47.319863 - PARAMETER anneal_steps : None 
DLL 2022-12-14 23:15:47.319880 - PARAMETER anneal_factor : 0.1 
DLL 2022-12-14 23:15:47.319896 - PARAMETER config_file : None 
DLL 2022-12-14 23:15:47.319913 - PARAMETER seed : None 
DLL 2022-12-14 23:15:47.319928 - PARAMETER epochs : 3 
DLL 2022-12-14 23:15:47.319942 - PARAMETER epochs_per_checkpoint : 50 
DLL 2022-12-14 23:15:47.319957 - PARAMETER checkpoint_path :  
DLL 2022-12-14 23:15:47.319972 - PARAMETER resume_from_last : False 
DLL 2022-12-14 23:15:47.319988 - PARAMETER dynamic_loss_scaling : True 
DLL 2022-12-14 23:15:47.320016 - PARAMETER amp : False 
DLL 2022-12-14 23:15:47.320031 - PARAMETER cudnn_enabled : True 
DLL 2022-12-14 23:15:47.320045 - PARAMETER cudnn_benchmark : False 
DLL 2022-12-14 23:15:47.320059 - PARAMETER disable_uniform_initialize_bn_weight : False 
DLL 2022-12-14 23:15:47.320074 - PARAMETER use_saved_learning_rate : False 
DLL 2022-12-14 23:15:47.320092 - PARAMETER learning_rate : 0.0 
DLL 2022-12-14 23:15:47.320107 - PARAMETER weight_decay : 1e-06 
DLL 2022-12-14 23:15:47.320124 - PARAMETER grad_clip_thresh : 1.0 
DLL 2022-12-14 23:15:47.320139 - PARAMETER batch_size : 256 
DLL 2022-12-14 23:15:47.320154 - PARAMETER grad_clip : 5.0 
DLL 2022-12-14 23:15:47.320169 - PARAMETER load_mel_from_disk : False 
DLL 2022-12-14 23:15:47.320184 - PARAMETER training_files : filelists/ljs_audio_text_train_subset_625_filelist.txt 
DLL 2022-12-14 23:15:47.320200 - PARAMETER validation_files : filelists/ljs_audio_text_val_filelist.txt 
DLL 2022-12-14 23:15:47.320215 - PARAMETER text_cleaners : ['english_cleaners'] 
DLL 2022-12-14 23:15:47.320232 - PARAMETER max_wav_value : 32768.0 
DLL 2022-12-14 23:15:47.320247 - PARAMETER sampling_rate : 22050 
DLL 2022-12-14 23:15:47.320261 - PARAMETER filter_length : 1024 
DLL 2022-12-14 23:15:47.320276 - PARAMETER hop_length : 256 
DLL 2022-12-14 23:15:47.320292 - PARAMETER win_length : 1024 
DLL 2022-12-14 23:15:47.320306 - PARAMETER mel_fmin : 0.0 
DLL 2022-12-14 23:15:47.320321 - PARAMETER mel_fmax : 8000.0 
DLL 2022-12-14 23:15:47.320335 - PARAMETER rank : 0 
DLL 2022-12-14 23:15:47.320349 - PARAMETER world_size : 2 
DLL 2022-12-14 23:15:47.320363 - PARAMETER dist_url : tcp://localhost:23456 
DLL 2022-12-14 23:15:47.320379 - PARAMETER group_name : group_name 
DLL 2022-12-14 23:15:47.320393 - PARAMETER dist_backend : nccl 
DLL 2022-12-14 23:15:47.320408 - PARAMETER bench_class :  
DLL 2022-12-14 23:15:47.320422 - PARAMETER model_name : Tacotron2_PyT 
Initializing Distributed
Done initializing distributed
/opt/conda/lib/python3.8/site-packages/torch/nn/parallel/scatter_gather.py:9: UserWarning: is_namedtuple is deprecated, please use the python checks instead
  warnings.warn("is_namedtuple is deprecated, please use the python checks instead")
DLL 2022-12-14 23:15:56.933798 - (0, 0) glob_iter/iters_per_epoch : 0/1 
DLL 2022-12-14 23:16:03.819456 - (0, 0) train_loss : 46.385887145996094 
DLL 2022-12-14 23:16:05.712198 - (0, 0) train_items_per_sec : 32904.50452613371 items/s
DLL 2022-12-14 23:16:05.712268 - (0, 0) train_iter_time : 8.778463744092733 
DLL 2022-12-14 23:16:05.738651 - (0,) train_items_per_sec : 32904.50452613371 items/s
DLL 2022-12-14 23:16:05.738724 - (0,) train_loss : 46.385887145996094 
DLL 2022-12-14 23:16:05.738747 - (0,) train_epoch_time : 15.20231395191513 
/opt/conda/lib/python3.8/site-packages/torch/nn/parallel/scatter_gather.py:9: UserWarning: is_namedtuple is deprecated, please use the python checks instead
  warnings.warn("is_namedtuple is deprecated, please use the python checks instead")
DLL 2022-12-14 23:16:07.577826 - (0, 1, 0) val_items_per_sec : 100519.92970873314 items/s
DLL 2022-12-14 23:16:07.608829 - (0,) val_loss : 45.660797119140625 None
DLL 2022-12-14 23:16:07.608946 - (0,) val_items_per_sec : 100519.92970873314 items/s
Saving model and optimizer state at epoch 0 to ./checkpoint_Tacotron2_0.pt
Updating symlink ./checkpoint_Tacotron2_last.pt to point to checkpoint_Tacotron2_0.pt
DLL 2022-12-14 23:16:14.542290 - (1, 0) glob_iter/iters_per_epoch : 1/1 
DLL 2022-12-14 23:16:15.414563 - (1, 0) train_loss : 46.721038818359375 
DLL 2022-12-14 23:16:17.231087 - (1, 0) train_items_per_sec : 108191.81992653402 items/s
DLL 2022-12-14 23:16:17.231165 - (1, 0) train_iter_time : 2.688853928120807 
DLL 2022-12-14 23:16:17.268633 - (1,) train_items_per_sec : 108191.81992653402 items/s
DLL 2022-12-14 23:16:17.268749 - (1,) train_loss : 46.721038818359375 
DLL 2022-12-14 23:16:17.268794 - (1,) train_epoch_time : 9.110428867861629 
DLL 2022-12-14 23:16:19.150699 - (1, 2, 0) val_items_per_sec : 99646.47802344225 items/s
DLL 2022-12-14 23:16:19.182453 - (1,) val_loss : 45.653541564941406 None
DLL 2022-12-14 23:16:19.182573 - (1,) val_items_per_sec : 99646.47802344225 items/s
DLL 2022-12-14 23:16:25.416942 - (2, 0) glob_iter/iters_per_epoch : 2/1 
DLL 2022-12-14 23:16:26.269996 - (2, 0) train_loss : 46.09445571899414 
DLL 2022-12-14 23:16:28.085558 - (2, 0) train_items_per_sec : 107623.6763101486 items/s
DLL 2022-12-14 23:16:28.085636 - (2, 0) train_iter_time : 2.6686507081612945 
DLL 2022-12-14 23:16:28.127621 - (2,) train_items_per_sec : 107623.6763101486 items/s
DLL 2022-12-14 23:16:28.127702 - (2,) train_loss : 46.09445571899414 
DLL 2022-12-14 23:16:28.127724 - (2,) train_epoch_time : 8.940400146879256 
DLL 2022-12-14 23:16:29.959043 - (2, 3, 0) val_items_per_sec : 109116.70182041469 items/s
DLL 2022-12-14 23:16:29.993369 - (2,) val_loss : 45.647796630859375 None
DLL 2022-12-14 23:16:29.993449 - (2,) val_items_per_sec : 109116.70182041469 items/s
DLL 2022-12-14 23:16:29.996791 - () run_time : 41.854523512069136 s
DLL 2022-12-14 23:16:29.996825 - () val_loss : 45.647796630859375 None
DLL 2022-12-14 23:16:29.996845 - () train_loss : 46.09445571899414 
DLL 2022-12-14 23:16:29.996864 - () train_items_per_sec : 107623.6763101486 items/s
DLL 2022-12-14 23:16:29.996881 - () val_items_per_sec : 109116.70182041469 items/s
DONE!
