DLL 2024-10-02 22:48:18.405561 - PARAMETER output : ./ 
DLL 2024-10-02 22:48:18.405610 - PARAMETER dataset_path : /data/tacotron2/LJSpeech-1.1 
DLL 2024-10-02 22:48:18.405625 - PARAMETER model_name : Tacotron2 
DLL 2024-10-02 22:48:18.405636 - PARAMETER log_file : nvlog.json 
DLL 2024-10-02 22:48:18.405645 - PARAMETER anneal_steps : None 
DLL 2024-10-02 22:48:18.405655 - PARAMETER anneal_factor : 0.1 
DLL 2024-10-02 22:48:18.405665 - PARAMETER config_file : None 
DLL 2024-10-02 22:48:18.405673 - PARAMETER seed : None 
DLL 2024-10-02 22:48:18.405682 - PARAMETER epochs : 3 
DLL 2024-10-02 22:48:18.405691 - PARAMETER epochs_per_checkpoint : 50 
DLL 2024-10-02 22:48:18.405700 - PARAMETER checkpoint_path :  
DLL 2024-10-02 22:48:18.405709 - PARAMETER resume_from_last : False 
DLL 2024-10-02 22:48:18.405719 - PARAMETER dynamic_loss_scaling : True 
DLL 2024-10-02 22:48:18.405728 - PARAMETER amp : False 
DLL 2024-10-02 22:48:18.405736 - PARAMETER cudnn_enabled : True 
DLL 2024-10-02 22:48:18.405745 - PARAMETER cudnn_benchmark : False 
DLL 2024-10-02 22:48:18.405753 - PARAMETER disable_uniform_initialize_bn_weight : False 
DLL 2024-10-02 22:48:18.405761 - PARAMETER use_saved_learning_rate : False 
DLL 2024-10-02 22:48:18.405769 - PARAMETER learning_rate : 0.0 
DLL 2024-10-02 22:48:18.405778 - PARAMETER weight_decay : 1e-06 
DLL 2024-10-02 22:48:18.405787 - PARAMETER grad_clip_thresh : 1.0 
DLL 2024-10-02 22:48:18.405801 - PARAMETER batch_size : 256 
DLL 2024-10-02 22:48:18.405810 - PARAMETER grad_clip : 5.0 
DLL 2024-10-02 22:48:18.405819 - PARAMETER load_mel_from_disk : False 
DLL 2024-10-02 22:48:18.405828 - PARAMETER training_files : filelists/ljs_audio_text_train_subset_2500_filelist.txt 
DLL 2024-10-02 22:48:18.405836 - PARAMETER validation_files : filelists/ljs_audio_text_val_filelist.txt 
DLL 2024-10-02 22:48:18.405845 - PARAMETER text_cleaners : ['english_cleaners'] 
DLL 2024-10-02 22:48:18.405857 - PARAMETER max_wav_value : 32768.0 
DLL 2024-10-02 22:48:18.405866 - PARAMETER sampling_rate : 22050 
DLL 2024-10-02 22:48:18.405874 - PARAMETER filter_length : 1024 
DLL 2024-10-02 22:48:18.405882 - PARAMETER hop_length : 256 
DLL 2024-10-02 22:48:18.405890 - PARAMETER win_length : 1024 
DLL 2024-10-02 22:48:18.405898 - PARAMETER mel_fmin : 0.0 
DLL 2024-10-02 22:48:18.405906 - PARAMETER mel_fmax : 8000.0 
DLL 2024-10-02 22:48:18.405914 - PARAMETER rank : 0 
DLL 2024-10-02 22:48:18.405922 - PARAMETER world_size : 4 
DLL 2024-10-02 22:48:18.405931 - PARAMETER dist_url : tcp://localhost:23456 
DLL 2024-10-02 22:48:18.405939 - PARAMETER group_name : group_name 
DLL 2024-10-02 22:48:18.405947 - PARAMETER dist_backend : nccl 
DLL 2024-10-02 22:48:18.405955 - PARAMETER bench_class :  
DLL 2024-10-02 22:48:18.405963 - PARAMETER model_name : Tacotron2_PyT 
Initializing Distributed
Done initializing distributed
DLL 2024-10-02 22:48:30.601768 - (0, 0) glob_iter/iters_per_epoch : 0/2 
DLL 2024-10-02 22:48:32.476473 - (0, 0) train_loss : 47.01750946044922 
DLL 2024-10-02 22:48:33.760654 - (0, 0) train_items_per_sec : 184502.36360750705 items/s
DLL 2024-10-02 22:48:33.760731 - (0, 0) train_iter_time : 3.1589405609993264 
DLL 2024-10-02 22:48:33.766959 - (0, 1) glob_iter/iters_per_epoch : 1/2 
DLL 2024-10-02 22:48:34.307867 - (0, 1) train_loss : 46.32194137573242 
DLL 2024-10-02 22:48:35.403731 - (0, 1) train_items_per_sec : 351864.96965847193 items/s
DLL 2024-10-02 22:48:35.403808 - (0, 1) train_iter_time : 1.6367926610000723 
DLL 2024-10-02 22:48:35.447450 - (0,) train_items_per_sec : 268183.6666329895 items/s
DLL 2024-10-02 22:48:35.447537 - (0,) train_loss : 46.32194137573242 
DLL 2024-10-02 22:48:35.447556 - (0,) train_epoch_time : 8.646780809998745 
DLL 2024-10-02 22:48:36.361150 - (0, 2, 0) val_items_per_sec : 135289.53202163303 items/s
DLL 2024-10-02 22:48:36.402029 - (0,) val_loss : 47.318878173828125 None
DLL 2024-10-02 22:48:36.402103 - (0,) val_items_per_sec : 135289.53202163303 items/s
Saving model and optimizer state at epoch 0 to ./checkpoint_Tacotron2_0.pt
Updating symlink ./checkpoint_Tacotron2_last.pt to point to checkpoint_Tacotron2_0.pt
DLL 2024-10-02 22:48:41.308832 - (1, 0) glob_iter/iters_per_epoch : 2/2 
DLL 2024-10-02 22:48:41.879281 - (1, 0) train_loss : 46.35493469238281 
DLL 2024-10-02 22:48:42.978742 - (1, 0) train_items_per_sec : 344016.62401010253 items/s
DLL 2024-10-02 22:48:42.978823 - (1, 0) train_iter_time : 1.6699570890014002 
DLL 2024-10-02 22:48:42.983732 - (1, 1) glob_iter/iters_per_epoch : 3/2 
DLL 2024-10-02 22:48:43.635435 - (1, 1) train_loss : 46.53117370605469 
DLL 2024-10-02 22:48:44.765362 - (1, 1) train_items_per_sec : 322996.7523116446 items/s
DLL 2024-10-02 22:48:44.765436 - (1, 1) train_iter_time : 1.7816433009975299 
DLL 2024-10-02 22:48:44.894042 - (1,) train_items_per_sec : 333506.6881608736 items/s
DLL 2024-10-02 22:48:44.894158 - (1,) train_loss : 46.53117370605469 
DLL 2024-10-02 22:48:44.894195 - (1,) train_epoch_time : 8.024742256999161 
DLL 2024-10-02 22:48:45.751011 - (1, 4, 0) val_items_per_sec : 129359.51760635173 items/s
DLL 2024-10-02 22:48:45.793928 - (1,) val_loss : 47.30158233642578 None
DLL 2024-10-02 22:48:45.794001 - (1,) val_items_per_sec : 129359.51760635173 items/s
DLL 2024-10-02 22:48:49.974402 - (2, 0) glob_iter/iters_per_epoch : 4/2 
DLL 2024-10-02 22:48:50.677412 - (2, 0) train_loss : 46.84201431274414 
DLL 2024-10-02 22:48:51.798008 - (2, 0) train_items_per_sec : 318689.779223983 items/s
DLL 2024-10-02 22:48:51.798093 - (2, 0) train_iter_time : 1.8236574809998274 
DLL 2024-10-02 22:48:51.804995 - (2, 1) glob_iter/iters_per_epoch : 5/2 
DLL 2024-10-02 22:48:52.337390 - (2, 1) train_loss : 46.653900146484375 
DLL 2024-10-02 22:48:53.456479 - (2, 1) train_items_per_sec : 350456.72326167184 items/s
DLL 2024-10-02 22:48:53.456568 - (2, 1) train_iter_time : 1.651496351998503 
DLL 2024-10-02 22:48:53.581740 - (2,) train_items_per_sec : 334573.2512428274 items/s
DLL 2024-10-02 22:48:53.581825 - (2,) train_loss : 46.653900146484375 
DLL 2024-10-02 22:48:53.581846 - (2,) train_epoch_time : 7.786393256999872 
DLL 2024-10-02 22:48:54.481974 - (2, 6, 0) val_items_per_sec : 122603.46302445656 items/s
DLL 2024-10-02 22:48:54.524459 - (2,) val_loss : 47.288597106933594 None
DLL 2024-10-02 22:48:54.524535 - (2,) val_items_per_sec : 122603.46302445656 items/s
DLL 2024-10-02 22:48:54.525950 - () run_time : 34.03906732100222 s
DLL 2024-10-02 22:48:54.525984 - () val_loss : 47.288597106933594 None
DLL 2024-10-02 22:48:54.526000 - () train_loss : 46.653900146484375 
DLL 2024-10-02 22:48:54.526014 - () train_items_per_sec : 334573.2512428274 items/s
DLL 2024-10-02 22:48:54.526026 - () val_items_per_sec : 122603.46302445656 items/s
DONE!
