DLL 2024-10-02 22:47:28.370038 - PARAMETER output : ./ 
DLL 2024-10-02 22:47:28.370096 - PARAMETER dataset_path : /data/tacotron2/LJSpeech-1.1 
DLL 2024-10-02 22:47:28.370113 - PARAMETER model_name : Tacotron2 
DLL 2024-10-02 22:47:28.370125 - PARAMETER log_file : nvlog.json 
DLL 2024-10-02 22:47:28.370134 - PARAMETER anneal_steps : None 
DLL 2024-10-02 22:47:28.370144 - PARAMETER anneal_factor : 0.1 
DLL 2024-10-02 22:47:28.370154 - PARAMETER config_file : None 
DLL 2024-10-02 22:47:28.370163 - PARAMETER seed : None 
DLL 2024-10-02 22:47:28.370171 - PARAMETER epochs : 3 
DLL 2024-10-02 22:47:28.370181 - PARAMETER epochs_per_checkpoint : 50 
DLL 2024-10-02 22:47:28.370190 - PARAMETER checkpoint_path :  
DLL 2024-10-02 22:47:28.370198 - PARAMETER resume_from_last : False 
DLL 2024-10-02 22:47:28.370208 - PARAMETER dynamic_loss_scaling : True 
DLL 2024-10-02 22:47:28.370216 - PARAMETER amp : False 
DLL 2024-10-02 22:47:28.370225 - PARAMETER cudnn_enabled : True 
DLL 2024-10-02 22:47:28.370233 - PARAMETER cudnn_benchmark : False 
DLL 2024-10-02 22:47:28.370241 - PARAMETER disable_uniform_initialize_bn_weight : False 
DLL 2024-10-02 22:47:28.370250 - PARAMETER use_saved_learning_rate : False 
DLL 2024-10-02 22:47:28.370258 - PARAMETER learning_rate : 0.0 
DLL 2024-10-02 22:47:28.370267 - PARAMETER weight_decay : 1e-06 
DLL 2024-10-02 22:47:28.370276 - PARAMETER grad_clip_thresh : 1.0 
DLL 2024-10-02 22:47:28.370290 - PARAMETER batch_size : 256 
DLL 2024-10-02 22:47:28.370299 - PARAMETER grad_clip : 5.0 
DLL 2024-10-02 22:47:28.370308 - PARAMETER load_mel_from_disk : False 
DLL 2024-10-02 22:47:28.370316 - PARAMETER training_files : filelists/ljs_audio_text_train_subset_2500_filelist.txt 
DLL 2024-10-02 22:47:28.370325 - PARAMETER validation_files : filelists/ljs_audio_text_val_filelist.txt 
DLL 2024-10-02 22:47:28.370333 - PARAMETER text_cleaners : ['english_cleaners'] 
DLL 2024-10-02 22:47:28.370346 - PARAMETER max_wav_value : 32768.0 
DLL 2024-10-02 22:47:28.370355 - PARAMETER sampling_rate : 22050 
DLL 2024-10-02 22:47:28.370363 - PARAMETER filter_length : 1024 
DLL 2024-10-02 22:47:28.370371 - PARAMETER hop_length : 256 
DLL 2024-10-02 22:47:28.370379 - PARAMETER win_length : 1024 
DLL 2024-10-02 22:47:28.370387 - PARAMETER mel_fmin : 0.0 
DLL 2024-10-02 22:47:28.370395 - PARAMETER mel_fmax : 8000.0 
DLL 2024-10-02 22:47:28.370404 - PARAMETER rank : 0 
DLL 2024-10-02 22:47:28.370412 - PARAMETER world_size : 4 
DLL 2024-10-02 22:47:28.370420 - PARAMETER dist_url : tcp://localhost:23456 
DLL 2024-10-02 22:47:28.370428 - PARAMETER group_name : group_name 
DLL 2024-10-02 22:47:28.370436 - PARAMETER dist_backend : nccl 
DLL 2024-10-02 22:47:28.370444 - PARAMETER bench_class :  
DLL 2024-10-02 22:47:28.370453 - PARAMETER model_name : Tacotron2_PyT 
Initializing Distributed
Done initializing distributed
DLL 2024-10-02 22:47:40.581840 - (0, 0) glob_iter/iters_per_epoch : 0/2 
DLL 2024-10-02 22:47:42.514654 - (0, 0) train_loss : 47.12034225463867 
DLL 2024-10-02 22:47:43.803327 - (0, 0) train_items_per_sec : 180917.11735778453 items/s
DLL 2024-10-02 22:47:43.803405 - (0, 0) train_iter_time : 3.2215414909987885 
DLL 2024-10-02 22:47:43.809638 - (0, 1) glob_iter/iters_per_epoch : 1/2 
DLL 2024-10-02 22:47:44.338486 - (0, 1) train_loss : 46.42926788330078 
DLL 2024-10-02 22:47:45.434579 - (0, 1) train_items_per_sec : 354429.1349816068 items/s
DLL 2024-10-02 22:47:45.434667 - (0, 1) train_iter_time : 1.6249510639972868 
DLL 2024-10-02 22:47:45.481012 - (0,) train_items_per_sec : 267673.12616969564 items/s
DLL 2024-10-02 22:47:45.481114 - (0,) train_loss : 46.42926788330078 
DLL 2024-10-02 22:47:45.481136 - (0,) train_epoch_time : 8.710895175998303 
DLL 2024-10-02 22:47:46.324924 - (0, 2, 0) val_items_per_sec : 129366.1525920553 items/s
DLL 2024-10-02 22:47:46.366290 - (0,) val_loss : 47.219932556152344 None
DLL 2024-10-02 22:47:46.366351 - (0,) val_items_per_sec : 129366.1525920553 items/s
Saving model and optimizer state at epoch 0 to ./checkpoint_Tacotron2_0.pt
Updating symlink ./checkpoint_Tacotron2_last.pt to point to checkpoint_Tacotron2_0.pt
DLL 2024-10-02 22:47:51.261014 - (1, 0) glob_iter/iters_per_epoch : 2/2 
DLL 2024-10-02 22:47:51.839130 - (1, 0) train_loss : 46.459571838378906 
DLL 2024-10-02 22:47:52.945500 - (1, 0) train_items_per_sec : 341039.10437639774 items/s
DLL 2024-10-02 22:47:52.945592 - (1, 0) train_iter_time : 1.684537029999774 
DLL 2024-10-02 22:47:52.951246 - (1, 1) glob_iter/iters_per_epoch : 3/2 
DLL 2024-10-02 22:47:53.597227 - (1, 1) train_loss : 46.63804244995117 
DLL 2024-10-02 22:47:54.719241 - (1, 1) train_items_per_sec : 325487.7456195828 items/s
DLL 2024-10-02 22:47:54.719322 - (1, 1) train_iter_time : 1.7680081899998186 
DLL 2024-10-02 22:47:54.855310 - (1,) train_items_per_sec : 333263.42499799025 items/s
DLL 2024-10-02 22:47:54.855397 - (1,) train_loss : 46.63804244995117 
DLL 2024-10-02 22:47:54.855418 - (1,) train_epoch_time : 8.01503653599866 
DLL 2024-10-02 22:47:55.701784 - (1, 4, 0) val_items_per_sec : 129299.39938328655 items/s
DLL 2024-10-02 22:47:55.741749 - (1,) val_loss : 47.22636795043945 None
DLL 2024-10-02 22:47:55.741827 - (1,) val_items_per_sec : 129299.39938328655 items/s
DLL 2024-10-02 22:47:59.879109 - (2, 0) glob_iter/iters_per_epoch : 4/2 
DLL 2024-10-02 22:48:00.637383 - (2, 0) train_loss : 46.94840621948242 
DLL 2024-10-02 22:48:01.760107 - (2, 0) train_items_per_sec : 308963.4654111879 items/s
DLL 2024-10-02 22:48:01.760187 - (2, 0) train_iter_time : 1.8810670679995383 
DLL 2024-10-02 22:48:01.765979 - (2, 1) glob_iter/iters_per_epoch : 5/2 
DLL 2024-10-02 22:48:02.259755 - (2, 1) train_loss : 46.761695861816406 
DLL 2024-10-02 22:48:03.389319 - (2, 1) train_items_per_sec : 356532.68927063124 items/s
DLL 2024-10-02 22:48:03.389407 - (2, 1) train_iter_time : 1.6233518480003113 
DLL 2024-10-02 22:48:03.500888 - (2,) train_items_per_sec : 332748.0773409096 items/s
DLL 2024-10-02 22:48:03.500986 - (2,) train_loss : 46.761695861816406 
DLL 2024-10-02 22:48:03.501006 - (2,) train_epoch_time : 7.757768534000206 
DLL 2024-10-02 22:48:04.325521 - (2, 6, 0) val_items_per_sec : 137507.4152323806 items/s
DLL 2024-10-02 22:48:04.370419 - (2,) val_loss : 47.23066329956055 None
DLL 2024-10-02 22:48:04.370479 - (2,) val_items_per_sec : 137507.4152323806 items/s
DLL 2024-10-02 22:48:04.371892 - () run_time : 33.959855955999956 s
DLL 2024-10-02 22:48:04.371926 - () val_loss : 47.23066329956055 None
DLL 2024-10-02 22:48:04.371943 - () train_loss : 46.761695861816406 
DLL 2024-10-02 22:48:04.371956 - () train_items_per_sec : 332748.0773409096 items/s
DLL 2024-10-02 22:48:04.371967 - () val_items_per_sec : 137507.4152323806 items/s
DONE!
