/usr/local/lib/python3.10/dist-packages/torch/nn/utils/weight_norm.py:28: UserWarning: torch.nn.utils.weight_norm is deprecated in favor of torch.nn.utils.parametrizations.weight_norm.
  warnings.warn("torch.nn.utils.weight_norm is deprecated in favor of torch.nn.utils.parametrizations.weight_norm.")
/usr/local/lib/python3.10/dist-packages/torch/nn/utils/weight_norm.py:28: UserWarning: torch.nn.utils.weight_norm is deprecated in favor of torch.nn.utils.parametrizations.weight_norm.
  warnings.warn("torch.nn.utils.weight_norm is deprecated in favor of torch.nn.utils.parametrizations.weight_norm.")
DLL 2024-09-29 07:49:05.955335 - PARAMETER output : ./ 
DLL 2024-09-29 07:49:05.955387 - PARAMETER dataset_path : /data/tacotron2/LJSpeech-1.1 
DLL 2024-09-29 07:49:05.955406 - PARAMETER model_name : WaveGlow 
DLL 2024-09-29 07:49:05.955419 - PARAMETER log_file : nvlog.json 
DLL 2024-09-29 07:49:05.955430 - PARAMETER anneal_steps : None 
DLL 2024-09-29 07:49:05.955443 - PARAMETER anneal_factor : 0.1 
DLL 2024-09-29 07:49:05.955455 - PARAMETER config_file : None 
DLL 2024-09-29 07:49:05.955466 - PARAMETER seed : None 
DLL 2024-09-29 07:49:05.955478 - PARAMETER epochs : 2 
DLL 2024-09-29 07:49:05.955490 - PARAMETER epochs_per_checkpoint : 50 
DLL 2024-09-29 07:49:05.955501 - PARAMETER checkpoint_path :  
DLL 2024-09-29 07:49:05.955511 - PARAMETER resume_from_last : False 
DLL 2024-09-29 07:49:05.955523 - PARAMETER dynamic_loss_scaling : True 
DLL 2024-09-29 07:49:05.955534 - PARAMETER amp : False 
DLL 2024-09-29 07:49:05.955545 - PARAMETER cudnn_enabled : True 
DLL 2024-09-29 07:49:05.955556 - PARAMETER cudnn_benchmark : True 
DLL 2024-09-29 07:49:05.955567 - PARAMETER disable_uniform_initialize_bn_weight : False 
DLL 2024-09-29 07:49:05.955578 - PARAMETER use_saved_learning_rate : False 
DLL 2024-09-29 07:49:05.955588 - PARAMETER learning_rate : 0.0 
DLL 2024-09-29 07:49:05.955600 - PARAMETER weight_decay : 0.0 
DLL 2024-09-29 07:49:05.955611 - PARAMETER grad_clip_thresh : 65504.0 
DLL 2024-09-29 07:49:05.955622 - PARAMETER batch_size : 48 
DLL 2024-09-29 07:49:05.955638 - PARAMETER grad_clip : 5.0 
DLL 2024-09-29 07:49:05.955649 - PARAMETER load_mel_from_disk : False 
DLL 2024-09-29 07:49:05.955660 - PARAMETER training_files : filelists/ljs_audio_text_train_subset_625_filelist.txt 
DLL 2024-09-29 07:49:05.955671 - PARAMETER validation_files : filelists/ljs_audio_text_val_filelist.txt 
DLL 2024-09-29 07:49:05.955683 - PARAMETER text_cleaners : ['english_cleaners'] 
DLL 2024-09-29 07:49:05.955698 - PARAMETER max_wav_value : 32768.0 
DLL 2024-09-29 07:49:05.955709 - PARAMETER sampling_rate : 22050 
DLL 2024-09-29 07:49:05.955720 - PARAMETER filter_length : 1024 
DLL 2024-09-29 07:49:05.955730 - PARAMETER hop_length : 256 
DLL 2024-09-29 07:49:05.955741 - PARAMETER win_length : 1024 
DLL 2024-09-29 07:49:05.955751 - PARAMETER mel_fmin : 0.0 
DLL 2024-09-29 07:49:05.955762 - PARAMETER mel_fmax : 8000.0 
DLL 2024-09-29 07:49:05.955773 - PARAMETER rank : 0 
DLL 2024-09-29 07:49:05.955783 - PARAMETER world_size : 2 
DLL 2024-09-29 07:49:05.955794 - PARAMETER dist_url : tcp://localhost:23456 
DLL 2024-09-29 07:49:05.955804 - PARAMETER group_name : group_name 
DLL 2024-09-29 07:49:05.955814 - PARAMETER dist_backend : nccl 
DLL 2024-09-29 07:49:05.955825 - PARAMETER bench_class :  
DLL 2024-09-29 07:49:05.955836 - PARAMETER model_name : Tacotron2_PyT 
Initializing Distributed
Done initializing distributed
DLL 2024-09-29 07:49:15.956441 - (0, 0) glob_iter/iters_per_epoch : 0/6 
DLL 2024-09-29 07:49:21.902301 - (0, 0) train_loss : 0.002198175759986043 
DLL 2024-09-29 07:49:24.525824 - (0, 0) train_items_per_sec : 89620.73455604978 items/s
DLL 2024-09-29 07:49:24.525935 - (0, 0) train_iter_time : 8.569445495000764 
DLL 2024-09-29 07:49:24.526440 - (0, 1) glob_iter/iters_per_epoch : 1/6 
DLL 2024-09-29 07:49:24.765886 - (0, 1) train_loss : 0.002032255521044135 
DLL 2024-09-29 07:49:25.359610 - (0, 1) train_items_per_sec : 921754.7091523601 items/s
DLL 2024-09-29 07:49:25.359684 - (0, 1) train_iter_time : 0.8331934650013864 
DLL 2024-09-29 07:49:25.361949 - (0, 2) glob_iter/iters_per_epoch : 2/6 
DLL 2024-09-29 07:49:25.598707 - (0, 2) train_loss : 0.0022100722417235374 
DLL 2024-09-29 07:49:26.186704 - (0, 2) train_items_per_sec : 931174.7511160513 items/s
DLL 2024-09-29 07:49:26.186761 - (0, 2) train_iter_time : 0.8247646309991978 
DLL 2024-09-29 07:49:26.188586 - (0, 3) glob_iter/iters_per_epoch : 3/6 
DLL 2024-09-29 07:49:26.425694 - (0, 3) train_loss : 0.002434713300317526 
DLL 2024-09-29 07:49:27.015198 - (0, 3) train_items_per_sec : 929095.2773227405 items/s
DLL 2024-09-29 07:49:27.015282 - (0, 3) train_iter_time : 0.8266105950006022 
DLL 2024-09-29 07:49:27.015721 - (0, 4) glob_iter/iters_per_epoch : 4/6 
DLL 2024-09-29 07:49:27.252536 - (0, 4) train_loss : 0.0022029606625437737 
DLL 2024-09-29 07:49:27.840854 - (0, 4) train_items_per_sec : 930746.8047678616 items/s
DLL 2024-09-29 07:49:27.840911 - (0, 4) train_iter_time : 0.8251438480001525 
DLL 2024-09-29 07:49:27.841409 - (0, 5) glob_iter/iters_per_epoch : 5/6 
DLL 2024-09-29 07:49:28.078773 - (0, 5) train_loss : 0.0023948950693011284 
DLL 2024-09-29 07:49:28.666857 - (0, 5) train_items_per_sec : 930395.4911698649 items/s
DLL 2024-09-29 07:49:28.666938 - (0, 5) train_iter_time : 0.8254554190007184 
DLL 2024-09-29 07:49:28.777109 - (0,) train_items_per_sec : 788797.9613474881 items/s
DLL 2024-09-29 07:49:28.777193 - (0,) train_loss : 0.0023948950693011284 
DLL 2024-09-29 07:49:28.777215 - (0,) train_epoch_time : 13.246437109999533 
DLL 2024-09-29 07:49:29.193544 - (0, 6, 0) val_items_per_sec : 2713249.6395206754 items/s
DLL 2024-09-29 07:49:29.922800 - (0, 6, 1) val_items_per_sec : 43986.96673320991 items/s
DLL 2024-09-29 07:49:29.980353 - (0,) val_loss : 0.001721900887787342 None
DLL 2024-09-29 07:49:29.980411 - (0,) val_items_per_sec : 1378618.3031269426 items/s
Saving model and optimizer state at epoch 0 to ./checkpoint_WaveGlow_0.pt
Updating symlink ./checkpoint_WaveGlow_last.pt to point to checkpoint_WaveGlow_0.pt
DLL 2024-09-29 07:49:35.095837 - (1, 0) glob_iter/iters_per_epoch : 6/6 
DLL 2024-09-29 07:49:35.339082 - (1, 0) train_loss : 0.002042085397988558 
DLL 2024-09-29 07:49:35.935054 - (1, 0) train_items_per_sec : 915061.3409764676 items/s
DLL 2024-09-29 07:49:35.935119 - (1, 0) train_iter_time : 0.8392879969997011 
DLL 2024-09-29 07:49:35.936886 - (1, 1) glob_iter/iters_per_epoch : 7/6 
DLL 2024-09-29 07:49:36.173640 - (1, 1) train_loss : 0.002254145685583353 
DLL 2024-09-29 07:49:36.761227 - (1, 1) train_items_per_sec : 931634.3078028862 items/s
DLL 2024-09-29 07:49:36.761285 - (1, 1) train_iter_time : 0.8243577909997839 
DLL 2024-09-29 07:49:36.765041 - (1, 2) glob_iter/iters_per_epoch : 8/6 
DLL 2024-09-29 07:49:37.003450 - (1, 2) train_loss : 0.0019571383018046618 
DLL 2024-09-29 07:49:37.591172 - (1, 2) train_items_per_sec : 929612.8758991214 items/s
DLL 2024-09-29 07:49:37.591230 - (1, 2) train_iter_time : 0.8261503470002936 
DLL 2024-09-29 07:49:37.591768 - (1, 3) glob_iter/iters_per_epoch : 9/6 
DLL 2024-09-29 07:49:37.828669 - (1, 3) train_loss : 0.0024794244673103094 
DLL 2024-09-29 07:49:38.417792 - (1, 3) train_items_per_sec : 929744.8711431021 items/s
DLL 2024-09-29 07:49:38.417849 - (1, 3) train_iter_time : 0.8260330590001104 
DLL 2024-09-29 07:49:38.418302 - (1, 4) glob_iter/iters_per_epoch : 10/6 
DLL 2024-09-29 07:49:38.654645 - (1, 4) train_loss : 0.0019233564380556345 
DLL 2024-09-29 07:49:39.243874 - (1, 4) train_items_per_sec : 930256.0522889054 items/s
DLL 2024-09-29 07:49:39.243953 - (1, 4) train_iter_time : 0.825579148999168 
DLL 2024-09-29 07:49:39.244406 - (1, 5) glob_iter/iters_per_epoch : 11/6 
DLL 2024-09-29 07:49:39.481659 - (1, 5) train_loss : 0.0024072877131402493 
DLL 2024-09-29 07:49:40.069745 - (1, 5) train_items_per_sec : 930519.815557922 items/s
DLL 2024-09-29 07:49:40.069804 - (1, 5) train_iter_time : 0.8253451319997112 
DLL 2024-09-29 07:49:40.155077 - (1,) train_items_per_sec : 927804.8772780675 items/s
DLL 2024-09-29 07:49:40.155159 - (1,) train_loss : 0.0024072877131402493 
DLL 2024-09-29 07:49:40.155180 - (1,) train_epoch_time : 5.3221212409989676 
DLL 2024-09-29 07:49:40.510608 - (1, 12, 0) val_items_per_sec : 3328701.4395075524 items/s
DLL 2024-09-29 07:49:40.549576 - (1, 12, 1) val_items_per_sec : 865094.6526973393 items/s
DLL 2024-09-29 07:49:40.603710 - (1,) val_loss : 0.0027354788035154343 None
DLL 2024-09-29 07:49:40.603764 - (1,) val_items_per_sec : 2096898.0461024458 items/s
DLL 2024-09-29 07:49:40.605087 - () run_time : 31.211145961999136 s
DLL 2024-09-29 07:49:40.605130 - () val_loss : 0.0027354788035154343 None
DLL 2024-09-29 07:49:40.605149 - () train_loss : 0.0024072877131402493 
DLL 2024-09-29 07:49:40.605165 - () train_items_per_sec : 927804.8772780675 items/s
DLL 2024-09-29 07:49:40.605180 - () val_items_per_sec : 2096898.0461024458 items/s
DONE!
