/workspace/benchmark/SpeechSynthesis/Tacotron2/train.py:404: FutureWarning: `torch.cuda.amp.GradScaler(args...)` is deprecated. Please use `torch.amp.GradScaler('cuda', args...)` instead.
  scaler = torch.cuda.amp.GradScaler(enabled=args.amp)
DLL 2024-10-31 00:07:50.773877 - PARAMETER output : ./ 
DLL 2024-10-31 00:07:50.773924 - PARAMETER dataset_path : /data/tacotron2/LJSpeech-1.1 
DLL 2024-10-31 00:07:50.773939 - PARAMETER model_name : Tacotron2 
DLL 2024-10-31 00:07:50.773949 - PARAMETER log_file : nvlog.json 
DLL 2024-10-31 00:07:50.773958 - PARAMETER anneal_steps : None 
DLL 2024-10-31 00:07:50.773967 - PARAMETER anneal_factor : 0.1 
DLL 2024-10-31 00:07:50.773977 - PARAMETER config_file : None 
DLL 2024-10-31 00:07:50.773985 - PARAMETER seed : None 
DLL 2024-10-31 00:07:50.773993 - PARAMETER epochs : 2 
DLL 2024-10-31 00:07:50.774003 - PARAMETER epochs_per_checkpoint : 50 
DLL 2024-10-31 00:07:50.774011 - PARAMETER checkpoint_path :  
DLL 2024-10-31 00:07:50.774019 - PARAMETER resume_from_last : False 
DLL 2024-10-31 00:07:50.774028 - PARAMETER dynamic_loss_scaling : True 
DLL 2024-10-31 00:07:50.774037 - PARAMETER amp : False 
DLL 2024-10-31 00:07:50.774044 - PARAMETER cudnn_enabled : True 
DLL 2024-10-31 00:07:50.774052 - PARAMETER cudnn_benchmark : False 
DLL 2024-10-31 00:07:50.774059 - PARAMETER disable_uniform_initialize_bn_weight : False 
DLL 2024-10-31 00:07:50.774068 - PARAMETER use_saved_learning_rate : False 
DLL 2024-10-31 00:07:50.774075 - PARAMETER learning_rate : 0.0 
DLL 2024-10-31 00:07:50.774084 - PARAMETER weight_decay : 1e-06 
DLL 2024-10-31 00:07:50.774092 - PARAMETER grad_clip_thresh : 1.0 
DLL 2024-10-31 00:07:50.774100 - PARAMETER batch_size : 384 
DLL 2024-10-31 00:07:50.774108 - PARAMETER grad_clip : 5.0 
DLL 2024-10-31 00:07:50.774116 - PARAMETER load_mel_from_disk : False 
DLL 2024-10-31 00:07:50.774124 - PARAMETER training_files : filelists/ljs_audio_text_train_subset_625_filelist.txt 
DLL 2024-10-31 00:07:50.774132 - PARAMETER validation_files : filelists/ljs_audio_text_val_filelist.txt 
DLL 2024-10-31 00:07:50.774140 - PARAMETER text_cleaners : ['english_cleaners'] 
DLL 2024-10-31 00:07:50.774151 - PARAMETER max_wav_value : 32768.0 
DLL 2024-10-31 00:07:50.774160 - PARAMETER sampling_rate : 22050 
DLL 2024-10-31 00:07:50.774167 - PARAMETER filter_length : 1024 
DLL 2024-10-31 00:07:50.774175 - PARAMETER hop_length : 256 
DLL 2024-10-31 00:07:50.774182 - PARAMETER win_length : 1024 
DLL 2024-10-31 00:07:50.774189 - PARAMETER mel_fmin : 0.0 
DLL 2024-10-31 00:07:50.774197 - PARAMETER mel_fmax : 8000.0 
DLL 2024-10-31 00:07:50.774205 - PARAMETER rank : 0 
DLL 2024-10-31 00:07:50.774213 - PARAMETER world_size : 1 
DLL 2024-10-31 00:07:50.774221 - PARAMETER dist_url : tcp://localhost:23456 
DLL 2024-10-31 00:07:50.774228 - PARAMETER group_name : group_name 
DLL 2024-10-31 00:07:50.774236 - PARAMETER dist_backend : nccl 
DLL 2024-10-31 00:07:50.774244 - PARAMETER bench_class :  
DLL 2024-10-31 00:07:50.774251 - PARAMETER model_name : Tacotron2_PyT 
/workspace/benchmark/SpeechSynthesis/Tacotron2/train.py:484: FutureWarning: `torch.cuda.amp.autocast(args...)` is deprecated. Please use `torch.amp.autocast('cuda', args...)` instead.
  with torch.cuda.amp.autocast(enabled=args.amp):
DLL 2024-10-31 00:08:00.413814 - (0, 0) glob_iter/iters_per_epoch : 0/1 
DLL 2024-10-31 00:08:13.219816 - (0, 0) train_loss : 47.23030090332031 
DLL 2024-10-31 00:08:15.147201 - (0, 0) train_items_per_sec : 15021.135109176272 items/s
DLL 2024-10-31 00:08:15.147306 - (0, 0) train_iter_time : 14.73350704799941 
DLL 2024-10-31 00:08:15.154906 - (0,) train_items_per_sec : 15021.135109176272 items/s
DLL 2024-10-31 00:08:15.154961 - (0,) train_loss : 47.23030090332031 
DLL 2024-10-31 00:08:15.154976 - (0,) train_epoch_time : 22.840268388000368 
/workspace/benchmark/SpeechSynthesis/Tacotron2/train.py:293: FutureWarning: `torch.cuda.amp.autocast(args...)` is deprecated. Please use `torch.amp.autocast('cuda', args...)` instead.
  with torch.cuda.amp.autocast(enabled=amp_run):
DLL 2024-10-31 00:08:17.948615 - (0, 1, 0) val_items_per_sec : 70616.93733314607 items/s
DLL 2024-10-31 00:08:17.957908 - (0,) val_loss : 45.388973236083984 None
DLL 2024-10-31 00:08:17.957967 - (0,) val_items_per_sec : 70616.93733314607 items/s
Saving model and optimizer state at epoch 0 to ./checkpoint_Tacotron2_0.pt
Updating symlink ./checkpoint_Tacotron2_last.pt to point to checkpoint_Tacotron2_0.pt
DLL 2024-10-31 00:08:25.962889 - (1, 0) glob_iter/iters_per_epoch : 1/1 
DLL 2024-10-31 00:08:27.271828 - (1, 0) train_loss : 45.24380874633789 
DLL 2024-10-31 00:08:28.806502 - (1, 0) train_items_per_sec : 74653.97361028337 items/s
DLL 2024-10-31 00:08:28.806604 - (1, 0) train_iter_time : 2.8437200289999964 
DLL 2024-10-31 00:08:28.818051 - (1,) train_items_per_sec : 74653.97361028337 items/s
DLL 2024-10-31 00:08:28.818104 - (1,) train_loss : 45.24380874633789 
DLL 2024-10-31 00:08:28.818118 - (1,) train_epoch_time : 10.546057182999903 
DLL 2024-10-31 00:08:31.649547 - (1, 2, 0) val_items_per_sec : 69191.42513730098 items/s
DLL 2024-10-31 00:08:31.658430 - (1,) val_loss : 45.38333511352539 None
DLL 2024-10-31 00:08:31.658486 - (1,) val_items_per_sec : 69191.42513730098 items/s
DLL 2024-10-31 00:08:31.659432 - () run_time : 40.51898611900015 s
DLL 2024-10-31 00:08:31.659465 - () val_loss : 45.38333511352539 None
DLL 2024-10-31 00:08:31.659477 - () train_loss : 45.24380874633789 
DLL 2024-10-31 00:08:31.659488 - () train_items_per_sec : 74653.97361028337 items/s
DLL 2024-10-31 00:08:31.659496 - () val_items_per_sec : 69191.42513730098 items/s
DONE!
