DLL 2022-06-30 19:30:14.275038 - PARAMETER output : ./ 
DLL 2022-06-30 19:30:14.275102 - PARAMETER dataset_path : /data/tacotron2/LJSpeech-1.1 
DLL 2022-06-30 19:30:14.275124 - PARAMETER model_name : Tacotron2 
DLL 2022-06-30 19:30:14.275140 - PARAMETER log_file : nvlog.json 
DLL 2022-06-30 19:30:14.275156 - PARAMETER anneal_steps : None 
DLL 2022-06-30 19:30:14.275172 - PARAMETER anneal_factor : 0.1 
DLL 2022-06-30 19:30:14.275189 - PARAMETER epochs : 2 
DLL 2022-06-30 19:30:14.275205 - PARAMETER epochs_per_checkpoint : 50 
DLL 2022-06-30 19:30:14.275220 - PARAMETER checkpoint_path :  
DLL 2022-06-30 19:30:14.275234 - PARAMETER resume_from_last : False 
DLL 2022-06-30 19:30:14.275249 - PARAMETER dynamic_loss_scaling : True 
DLL 2022-06-30 19:30:14.275265 - PARAMETER amp : False 
DLL 2022-06-30 19:30:14.275280 - PARAMETER cudnn_enabled : True 
DLL 2022-06-30 19:30:14.275295 - PARAMETER cudnn_benchmark : False 
DLL 2022-06-30 19:30:14.275309 - PARAMETER disable_uniform_initialize_bn_weight : False 
DLL 2022-06-30 19:30:14.275324 - PARAMETER use_saved_learning_rate : False 
DLL 2022-06-30 19:30:14.275339 - PARAMETER learning_rate : 0.0 
DLL 2022-06-30 19:30:14.275354 - PARAMETER weight_decay : 1e-06 
DLL 2022-06-30 19:30:14.275370 - PARAMETER grad_clip_thresh : 1.0 
DLL 2022-06-30 19:30:14.275386 - PARAMETER batch_size : 80 
DLL 2022-06-30 19:30:14.275400 - PARAMETER grad_clip : 5.0 
DLL 2022-06-30 19:30:14.275414 - PARAMETER load_mel_from_disk : False 
DLL 2022-06-30 19:30:14.275429 - PARAMETER training_files : filelists/ljs_audio_text_train_subset_625_filelist.txt 
DLL 2022-06-30 19:30:14.275444 - PARAMETER validation_files : filelists/ljs_audio_text_val_filelist.txt 
DLL 2022-06-30 19:30:14.275458 - PARAMETER text_cleaners : ['english_cleaners'] 
DLL 2022-06-30 19:30:14.275477 - PARAMETER max_wav_value : 32768.0 
DLL 2022-06-30 19:30:14.275492 - PARAMETER sampling_rate : 22050 
DLL 2022-06-30 19:30:14.275507 - PARAMETER filter_length : 1024 
DLL 2022-06-30 19:30:14.275521 - PARAMETER hop_length : 256 
DLL 2022-06-30 19:30:14.275536 - PARAMETER win_length : 1024 
DLL 2022-06-30 19:30:14.275550 - PARAMETER mel_fmin : 0.0 
DLL 2022-06-30 19:30:14.275566 - PARAMETER mel_fmax : 8000.0 
DLL 2022-06-30 19:30:14.275580 - PARAMETER rank : 0 
DLL 2022-06-30 19:30:14.275595 - PARAMETER world_size : 1 
DLL 2022-06-30 19:30:14.275610 - PARAMETER dist_url : tcp://localhost:23456 
DLL 2022-06-30 19:30:14.275624 - PARAMETER group_name : group_name 
DLL 2022-06-30 19:30:14.275638 - PARAMETER dist_backend : nccl 
DLL 2022-06-30 19:30:14.275652 - PARAMETER bench_class :  
DLL 2022-06-30 19:30:14.275667 - PARAMETER model_name : Tacotron2_PyT 
train.py:402: SyntaxWarning: "is not" with a literal. Did you mean "!="?
  if args.checkpoint_path is not "":
/workspace/examples/tacotron2/tacotron2/text/__init__.py:74: SyntaxWarning: "is not" with a literal. Did you mean "!="?
  return s in _symbol_to_id and s is not '_' and s is not '~'
/workspace/examples/tacotron2/tacotron2/text/__init__.py:74: SyntaxWarning: "is not" with a literal. Did you mean "!="?
  return s in _symbol_to_id and s is not '_' and s is not '~'
DLL 2022-06-30 19:30:37.199022 - (0, 0) glob_iter/iters_per_epoch : 0/7 
DLL 2022-06-30 19:30:40.004622 - (0, 0) train_loss : 48.82266616821289 
DLL 2022-06-30 19:30:41.811325 - (0, 0) train_items_per_sec : 9891.536907477705 
DLL 2022-06-30 19:30:41.811441 - (0, 0) train_iter_time : 4.612326721999125 
DLL 2022-06-30 19:30:41.816488 - (0, 1) glob_iter/iters_per_epoch : 1/7 
DLL 2022-06-30 19:30:42.547499 - (0, 1) train_loss : 49.04290771484375 
DLL 2022-06-30 19:30:44.169683 - (0, 1) train_items_per_sec : 20050.431899519706 
DLL 2022-06-30 19:30:44.169788 - (0, 1) train_iter_time : 2.353216141998928 
DLL 2022-06-30 19:30:44.179358 - (0, 2) glob_iter/iters_per_epoch : 2/7 
DLL 2022-06-30 19:30:44.874315 - (0, 2) train_loss : 42.97801208496094 
DLL 2022-06-30 19:30:46.398501 - (0, 2) train_items_per_sec : 18594.481441702046 
DLL 2022-06-30 19:30:46.398603 - (0, 2) train_iter_time : 2.2191530390009575 
DLL 2022-06-30 19:30:46.414210 - (0, 3) glob_iter/iters_per_epoch : 3/7 
DLL 2022-06-30 19:30:47.129589 - (0, 3) train_loss : 43.65787887573242 
DLL 2022-06-30 19:30:48.665644 - (0, 3) train_items_per_sec : 18794.142241366804 
DLL 2022-06-30 19:30:48.665760 - (0, 3) train_iter_time : 2.2514461929986282 
DLL 2022-06-30 19:30:48.680651 - (0, 4) glob_iter/iters_per_epoch : 4/7 
DLL 2022-06-30 19:30:49.377888 - (0, 4) train_loss : 49.46255874633789 
DLL 2022-06-30 19:30:50.941204 - (0, 4) train_items_per_sec : 21131.6803096582 
DLL 2022-06-30 19:30:50.941340 - (0, 4) train_iter_time : 2.260586915001113 
DLL 2022-06-30 19:30:50.955492 - (0, 5) glob_iter/iters_per_epoch : 5/7 
DLL 2022-06-30 19:30:51.642137 - (0, 5) train_loss : 48.268436431884766 
DLL 2022-06-30 19:30:53.203263 - (0, 5) train_items_per_sec : 20658.5649958063 
DLL 2022-06-30 19:30:53.203365 - (0, 5) train_iter_time : 2.247784393999609 
DLL 2022-06-30 19:30:53.215150 - (0, 6) glob_iter/iters_per_epoch : 6/7 
DLL 2022-06-30 19:30:53.980507 - (0, 6) train_loss : 46.55436325073242 
DLL 2022-06-30 19:30:55.556143 - (0, 6) train_items_per_sec : 19238.31052356956 
DLL 2022-06-30 19:30:55.556251 - (0, 6) train_iter_time : 2.341005980999398 
DLL 2022-06-30 19:30:55.594852 - (0,) train_items_per_sec : 18337.021188442905 
DLL 2022-06-30 19:30:55.594966 - (0,) train_loss : 46.55436325073242 
DLL 2022-06-30 19:30:55.594987 - (0,) train_epoch_time : 20.2792166800009 
DLL 2022-06-30 19:30:57.741245 - (0, 7, 0) val_items_per_sec : 74383.4591579148 
DLL 2022-06-30 19:30:58.302762 - (0, 7, 1) val_items_per_sec : 22476.45856200986 
DLL 2022-06-30 19:30:58.346213 - (0,) val_loss : 47.36384391784668 
DLL 2022-06-30 19:30:58.346308 - (0,) val_items_per_sec : 48429.958859962324 
Saving model and optimizer state at epoch 0 to ./checkpoint_Tacotron2_0.pt
DLL 2022-06-30 19:31:00.438584 - (1, 0) glob_iter/iters_per_epoch : 7/7 
DLL 2022-06-30 19:31:01.167246 - (1, 0) train_loss : 47.695030212402344 
DLL 2022-06-30 19:31:02.734247 - (1, 0) train_items_per_sec : 20121.29973063581 
DLL 2022-06-30 19:31:02.734351 - (1, 0) train_iter_time : 2.2957264500000747 
DLL 2022-06-30 19:31:02.747316 - (1, 1) glob_iter/iters_per_epoch : 8/7 
DLL 2022-06-30 19:31:03.432325 - (1, 1) train_loss : 45.29857635498047 
DLL 2022-06-30 19:31:05.001421 - (1, 1) train_items_per_sec : 19395.173284048335 
DLL 2022-06-30 19:31:05.001522 - (1, 1) train_iter_time : 2.2541175250007655 
DLL 2022-06-30 19:31:05.017155 - (1, 2) glob_iter/iters_per_epoch : 9/7 
DLL 2022-06-30 19:31:05.709010 - (1, 2) train_loss : 45.68770980834961 
DLL 2022-06-30 19:31:07.338000 - (1, 2) train_items_per_sec : 18927.918287435044 
DLL 2022-06-30 19:31:07.338099 - (1, 2) train_iter_time : 2.3208574409982248 
DLL 2022-06-30 19:31:07.352534 - (1, 3) glob_iter/iters_per_epoch : 10/7 
DLL 2022-06-30 19:31:08.070976 - (1, 3) train_loss : 49.01167678833008 
DLL 2022-06-30 19:31:09.589591 - (1, 3) train_items_per_sec : 20943.82965819731 
DLL 2022-06-30 19:31:09.589688 - (1, 3) train_iter_time : 2.2370789280012104 
DLL 2022-06-30 19:31:09.605791 - (1, 4) glob_iter/iters_per_epoch : 11/7 
DLL 2022-06-30 19:31:10.312144 - (1, 4) train_loss : 48.66685104370117 
DLL 2022-06-30 19:31:11.870515 - (1, 4) train_items_per_sec : 20657.069003751065 
DLL 2022-06-30 19:31:11.870619 - (1, 4) train_iter_time : 2.2647453030003817 
DLL 2022-06-30 19:31:11.885209 - (1, 5) glob_iter/iters_per_epoch : 12/7 
DLL 2022-06-30 19:31:12.571532 - (1, 5) train_loss : 47.5437126159668 
DLL 2022-06-30 19:31:14.133317 - (1, 5) train_items_per_sec : 20032.73264710294 
DLL 2022-06-30 19:31:14.133417 - (1, 5) train_iter_time : 2.248120653001024 
DLL 2022-06-30 19:31:14.147779 - (1, 6) glob_iter/iters_per_epoch : 13/7 
DLL 2022-06-30 19:31:14.895541 - (1, 6) train_loss : 44.5283203125 
DLL 2022-06-30 19:31:16.456310 - (1, 6) train_items_per_sec : 18628.287009029667 
DLL 2022-06-30 19:31:16.456450 - (1, 6) train_iter_time : 2.3085321790003945 
DLL 2022-06-30 19:31:16.505310 - (1,) train_items_per_sec : 19815.18708860003 
DLL 2022-06-30 19:31:16.505415 - (1,) train_loss : 44.5283203125 
DLL 2022-06-30 19:31:16.505438 - (1,) train_epoch_time : 17.775747010000487 
DLL 2022-06-30 19:31:18.626450 - (1, 14, 0) val_items_per_sec : 76844.13781009498 
DLL 2022-06-30 19:31:19.157623 - (1, 14, 1) val_items_per_sec : 22827.436197473195 
DLL 2022-06-30 19:31:19.204000 - (1,) val_loss : 47.357709884643555 
DLL 2022-06-30 19:31:19.204124 - (1,) val_items_per_sec : 49835.78700378409 
DLL 2022-06-30 19:31:19.205821 - () run_time : 63.58641225199972 
DLL 2022-06-30 19:31:19.205880 - () val_loss : 47.357709884643555 
DLL 2022-06-30 19:31:19.205920 - () train_items_per_sec : 19815.18708860003 
DONE!
