DLL 2024-07-28 09:44:11.706823 - PARAMETER output : ./ 
DLL 2024-07-28 09:44:11.706883 - PARAMETER dataset_path : /data/tacotron2/LJSpeech-1.1 
DLL 2024-07-28 09:44:11.706903 - PARAMETER model_name : Tacotron2 
DLL 2024-07-28 09:44:11.706916 - PARAMETER log_file : nvlog.json 
DLL 2024-07-28 09:44:11.706928 - PARAMETER anneal_steps : None 
DLL 2024-07-28 09:44:11.706940 - PARAMETER anneal_factor : 0.1 
DLL 2024-07-28 09:44:11.706953 - PARAMETER config_file : None 
DLL 2024-07-28 09:44:11.706965 - PARAMETER seed : None 
DLL 2024-07-28 09:44:11.706975 - PARAMETER epochs : 3 
DLL 2024-07-28 09:44:11.706987 - PARAMETER epochs_per_checkpoint : 50 
DLL 2024-07-28 09:44:11.706999 - PARAMETER checkpoint_path :  
DLL 2024-07-28 09:44:11.707010 - PARAMETER resume_from_last : False 
DLL 2024-07-28 09:44:11.707022 - PARAMETER dynamic_loss_scaling : True 
DLL 2024-07-28 09:44:11.707033 - PARAMETER amp : False 
DLL 2024-07-28 09:44:11.707045 - PARAMETER cudnn_enabled : True 
DLL 2024-07-28 09:44:11.707056 - PARAMETER cudnn_benchmark : False 
DLL 2024-07-28 09:44:11.707066 - PARAMETER disable_uniform_initialize_bn_weight : False 
DLL 2024-07-28 09:44:11.707078 - PARAMETER use_saved_learning_rate : False 
DLL 2024-07-28 09:44:11.707089 - PARAMETER learning_rate : 0.0 
DLL 2024-07-28 09:44:11.707101 - PARAMETER weight_decay : 1e-06 
DLL 2024-07-28 09:44:11.707113 - PARAMETER grad_clip_thresh : 1.0 
DLL 2024-07-28 09:44:11.707124 - PARAMETER batch_size : 256 
DLL 2024-07-28 09:44:11.707136 - PARAMETER grad_clip : 5.0 
DLL 2024-07-28 09:44:11.707147 - PARAMETER load_mel_from_disk : False 
DLL 2024-07-28 09:44:11.707158 - PARAMETER training_files : filelists/ljs_audio_text_train_subset_625_filelist.txt 
DLL 2024-07-28 09:44:11.707169 - PARAMETER validation_files : filelists/ljs_audio_text_val_filelist.txt 
DLL 2024-07-28 09:44:11.707182 - PARAMETER text_cleaners : ['english_cleaners'] 
DLL 2024-07-28 09:44:11.707197 - PARAMETER max_wav_value : 32768.0 
DLL 2024-07-28 09:44:11.707208 - PARAMETER sampling_rate : 22050 
DLL 2024-07-28 09:44:11.707219 - PARAMETER filter_length : 1024 
DLL 2024-07-28 09:44:11.707229 - PARAMETER hop_length : 256 
DLL 2024-07-28 09:44:11.707240 - PARAMETER win_length : 1024 
DLL 2024-07-28 09:44:11.707250 - PARAMETER mel_fmin : 0.0 
DLL 2024-07-28 09:44:11.707261 - PARAMETER mel_fmax : 8000.0 
DLL 2024-07-28 09:44:11.707272 - PARAMETER rank : 0 
DLL 2024-07-28 09:44:11.707283 - PARAMETER world_size : 1 
DLL 2024-07-28 09:44:11.707294 - PARAMETER dist_url : tcp://localhost:23456 
DLL 2024-07-28 09:44:11.707305 - PARAMETER group_name : group_name 
DLL 2024-07-28 09:44:11.707315 - PARAMETER dist_backend : nccl 
DLL 2024-07-28 09:44:11.707326 - PARAMETER bench_class :  
DLL 2024-07-28 09:44:11.707338 - PARAMETER model_name : Tacotron2_PyT 
DLL 2024-07-28 09:44:21.003543 - (0, 0) glob_iter/iters_per_epoch : 0/2 
DLL 2024-07-28 09:44:23.070473 - (0, 0) train_loss : 47.105995178222656 
DLL 2024-07-28 09:44:24.401556 - (0, 0) train_items_per_sec : 42827.962754859735 items/s
DLL 2024-07-28 09:44:24.401674 - (0, 0) train_iter_time : 3.398083649997716 
DLL 2024-07-28 09:44:24.411060 - (0, 1) glob_iter/iters_per_epoch : 1/2 
DLL 2024-07-28 09:44:25.024636 - (0, 1) train_loss : 46.65768814086914 
DLL 2024-07-28 09:44:26.125280 - (0, 1) train_items_per_sec : 83552.28198409227 items/s
DLL 2024-07-28 09:44:26.125370 - (0, 1) train_iter_time : 1.714244023009087 
DLL 2024-07-28 09:44:26.162134 - (0,) train_items_per_sec : 63190.122369476005 items/s
DLL 2024-07-28 09:44:26.162195 - (0,) train_loss : 46.65768814086914 
DLL 2024-07-28 09:44:26.162216 - (0,) train_epoch_time : 10.262689301001956 
DLL 2024-07-28 09:44:28.671361 - (0, 2, 0) val_items_per_sec : 106937.14561733323 items/s
DLL 2024-07-28 09:44:28.707590 - (0,) val_loss : 45.42326736450195 None
DLL 2024-07-28 09:44:28.707644 - (0,) val_items_per_sec : 106937.14561733323 items/s
Saving model and optimizer state at epoch 0 to ./checkpoint_Tacotron2_0.pt
Updating symlink ./checkpoint_Tacotron2_last.pt to point to checkpoint_Tacotron2_0.pt
DLL 2024-07-28 09:44:34.678237 - (1, 0) glob_iter/iters_per_epoch : 2/2 
DLL 2024-07-28 09:44:35.329637 - (1, 0) train_loss : 46.2419548034668 
DLL 2024-07-28 09:44:36.425814 - (1, 0) train_items_per_sec : 81915.84117922235 items/s
DLL 2024-07-28 09:44:36.425897 - (1, 0) train_iter_time : 1.7476229010062525 
DLL 2024-07-28 09:44:36.437892 - (1, 1) glob_iter/iters_per_epoch : 3/2 
DLL 2024-07-28 09:44:36.994139 - (1, 1) train_loss : 47.714500427246094 
DLL 2024-07-28 09:44:38.097123 - (1, 1) train_items_per_sec : 88275.5064048655 items/s
DLL 2024-07-28 09:44:38.097201 - (1, 1) train_iter_time : 1.6592484819993842 
DLL 2024-07-28 09:44:38.169772 - (1,) train_items_per_sec : 85095.67379204393 items/s
DLL 2024-07-28 09:44:38.169840 - (1,) train_loss : 47.714500427246094 
DLL 2024-07-28 09:44:38.169862 - (1,) train_epoch_time : 8.891389311000239 
DLL 2024-07-28 09:44:40.675390 - (1, 4, 0) val_items_per_sec : 114291.35880403045 items/s
DLL 2024-07-28 09:44:40.713772 - (1,) val_loss : 45.42792510986328 None
DLL 2024-07-28 09:44:40.713818 - (1,) val_items_per_sec : 114291.35880403045 items/s
DLL 2024-07-28 09:44:46.019657 - (2, 0) glob_iter/iters_per_epoch : 4/2 
DLL 2024-07-28 09:44:46.775100 - (2, 0) train_loss : 46.32657241821289 
DLL 2024-07-28 09:44:47.889092 - (2, 0) train_items_per_sec : 76526.29779322859 items/s
DLL 2024-07-28 09:44:47.889167 - (2, 0) train_iter_time : 1.8694880599941825 
DLL 2024-07-28 09:44:47.900235 - (2, 1) glob_iter/iters_per_epoch : 5/2 
DLL 2024-07-28 09:44:48.453038 - (2, 1) train_loss : 48.40178680419922 
DLL 2024-07-28 09:44:49.553982 - (2, 1) train_items_per_sec : 89670.40588121243 items/s
DLL 2024-07-28 09:44:49.554060 - (2, 1) train_iter_time : 1.6537674670107663 
DLL 2024-07-28 09:44:49.632713 - (2,) train_items_per_sec : 83098.35183722051 items/s
DLL 2024-07-28 09:44:49.632816 - (2,) train_loss : 48.40178680419922 
DLL 2024-07-28 09:44:49.632837 - (2,) train_epoch_time : 8.91451010700257 
DLL 2024-07-28 09:44:52.156234 - (2, 6, 0) val_items_per_sec : 108476.17976274756 items/s
DLL 2024-07-28 09:44:52.194066 - (2,) val_loss : 45.429649353027344 None
DLL 2024-07-28 09:44:52.194128 - (2,) val_items_per_sec : 108476.17976274756 items/s
DLL 2024-07-28 09:44:52.198479 - () run_time : 37.68338345299708 s
DLL 2024-07-28 09:44:52.198537 - () val_loss : 45.429649353027344 None
DLL 2024-07-28 09:44:52.198559 - () train_loss : 48.40178680419922 
DLL 2024-07-28 09:44:52.198575 - () train_items_per_sec : 83098.35183722051 items/s
DLL 2024-07-28 09:44:52.198589 - () val_items_per_sec : 108476.17976274756 items/s
DONE!
