DLL 2024-07-28 09:32:24.314900 - PARAMETER output : ./ 
DLL 2024-07-28 09:32:24.314948 - PARAMETER dataset_path : /data/tacotron2/LJSpeech-1.1 
DLL 2024-07-28 09:32:24.314985 - PARAMETER model_name : Tacotron2 
DLL 2024-07-28 09:32:24.315000 - PARAMETER log_file : nvlog.json 
DLL 2024-07-28 09:32:24.315010 - PARAMETER anneal_steps : None 
DLL 2024-07-28 09:32:24.315021 - PARAMETER anneal_factor : 0.1 
DLL 2024-07-28 09:32:24.315031 - PARAMETER config_file : None 
DLL 2024-07-28 09:32:24.315039 - PARAMETER seed : None 
DLL 2024-07-28 09:32:24.315048 - PARAMETER epochs : 2 
DLL 2024-07-28 09:32:24.315057 - PARAMETER epochs_per_checkpoint : 50 
DLL 2024-07-28 09:32:24.315066 - PARAMETER checkpoint_path :  
DLL 2024-07-28 09:32:24.315074 - PARAMETER resume_from_last : False 
DLL 2024-07-28 09:32:24.315084 - PARAMETER dynamic_loss_scaling : True 
DLL 2024-07-28 09:32:24.315093 - PARAMETER amp : False 
DLL 2024-07-28 09:32:24.315101 - PARAMETER cudnn_enabled : True 
DLL 2024-07-28 09:32:24.315109 - PARAMETER cudnn_benchmark : False 
DLL 2024-07-28 09:32:24.315118 - PARAMETER disable_uniform_initialize_bn_weight : False 
DLL 2024-07-28 09:32:24.315127 - PARAMETER use_saved_learning_rate : False 
DLL 2024-07-28 09:32:24.315139 - PARAMETER learning_rate : 0.0 
DLL 2024-07-28 09:32:24.315149 - PARAMETER weight_decay : 1e-06 
DLL 2024-07-28 09:32:24.315158 - PARAMETER grad_clip_thresh : 1.0 
DLL 2024-07-28 09:32:24.315167 - PARAMETER batch_size : 256 
DLL 2024-07-28 09:32:24.315176 - PARAMETER grad_clip : 5.0 
DLL 2024-07-28 09:32:24.315184 - PARAMETER load_mel_from_disk : False 
DLL 2024-07-28 09:32:24.315192 - PARAMETER training_files : filelists/ljs_audio_text_train_subset_625_filelist.txt 
DLL 2024-07-28 09:32:24.315201 - PARAMETER validation_files : filelists/ljs_audio_text_val_filelist.txt 
DLL 2024-07-28 09:32:24.315210 - PARAMETER text_cleaners : ['english_cleaners'] 
DLL 2024-07-28 09:32:24.315222 - PARAMETER max_wav_value : 32768.0 
DLL 2024-07-28 09:32:24.315230 - PARAMETER sampling_rate : 22050 
DLL 2024-07-28 09:32:24.315238 - PARAMETER filter_length : 1024 
DLL 2024-07-28 09:32:24.315248 - PARAMETER hop_length : 256 
DLL 2024-07-28 09:32:24.315256 - PARAMETER win_length : 1024 
DLL 2024-07-28 09:32:24.315264 - PARAMETER mel_fmin : 0.0 
DLL 2024-07-28 09:32:24.315273 - PARAMETER mel_fmax : 8000.0 
DLL 2024-07-28 09:32:24.315281 - PARAMETER rank : 0 
DLL 2024-07-28 09:32:24.315290 - PARAMETER world_size : 1 
DLL 2024-07-28 09:32:24.315298 - PARAMETER dist_url : tcp://localhost:23456 
DLL 2024-07-28 09:32:24.315307 - PARAMETER group_name : group_name 
DLL 2024-07-28 09:32:24.315315 - PARAMETER dist_backend : nccl 
DLL 2024-07-28 09:32:24.315323 - PARAMETER bench_class :  
DLL 2024-07-28 09:32:24.315331 - PARAMETER model_name : Tacotron2_PyT 
DLL 2024-07-28 09:32:32.293183 - (0, 0) glob_iter/iters_per_epoch : 0/2 
DLL 2024-07-28 09:32:34.218074 - (0, 0) train_loss : 46.599090576171875 
DLL 2024-07-28 09:32:35.529561 - (0, 0) train_items_per_sec : 44241.096291107395 items/s
DLL 2024-07-28 09:32:35.529656 - (0, 0) train_iter_time : 3.2364478280069306 
DLL 2024-07-28 09:32:35.544223 - (0, 1) glob_iter/iters_per_epoch : 1/2 
DLL 2024-07-28 09:32:36.031616 - (0, 1) train_loss : 47.57646560668945 
DLL 2024-07-28 09:32:37.125712 - (0, 1) train_items_per_sec : 92750.67773200858 items/s
DLL 2024-07-28 09:32:37.125771 - (0, 1) train_iter_time : 1.581519441009732 
DLL 2024-07-28 09:32:37.152606 - (0,) train_items_per_sec : 68495.88701155799 items/s
DLL 2024-07-28 09:32:37.152663 - (0,) train_loss : 47.57646560668945 
DLL 2024-07-28 09:32:37.152680 - (0,) train_epoch_time : 8.426227118994575 
DLL 2024-07-28 09:32:39.029069 - (0, 2, 0) val_items_per_sec : 126761.95420919746 items/s
DLL 2024-07-28 09:32:39.068792 - (0,) val_loss : 45.621788024902344 None
DLL 2024-07-28 09:32:39.068846 - (0,) val_items_per_sec : 126761.95420919746 items/s
Saving model and optimizer state at epoch 0 to ./checkpoint_Tacotron2_0.pt
Updating symlink ./checkpoint_Tacotron2_last.pt to point to checkpoint_Tacotron2_0.pt
DLL 2024-07-28 09:32:43.403998 - (1, 0) glob_iter/iters_per_epoch : 2/2 
DLL 2024-07-28 09:32:43.982669 - (1, 0) train_loss : 47.5771484375 
DLL 2024-07-28 09:32:45.075433 - (1, 0) train_items_per_sec : 87595.66448622849 items/s
DLL 2024-07-28 09:32:45.075517 - (1, 0) train_iter_time : 1.6714754190034 
DLL 2024-07-28 09:32:45.081802 - (1, 1) glob_iter/iters_per_epoch : 3/2 
DLL 2024-07-28 09:32:45.537756 - (1, 1) train_loss : 45.84035110473633 
DLL 2024-07-28 09:32:46.635334 - (1, 1) train_items_per_sec : 90776.19647078357 items/s
DLL 2024-07-28 09:32:46.635409 - (1, 1) train_iter_time : 1.5535570500069298 
DLL 2024-07-28 09:32:46.684854 - (1,) train_items_per_sec : 89185.93047850602 items/s
DLL 2024-07-28 09:32:46.684932 - (1,) train_loss : 45.84035110473633 
DLL 2024-07-28 09:32:46.684949 - (1,) train_epoch_time : 7.195304405002389 
DLL 2024-07-28 09:32:48.514060 - (1, 4, 0) val_items_per_sec : 138954.59053669934 items/s
DLL 2024-07-28 09:32:48.554157 - (1,) val_loss : 45.633460998535156 None
DLL 2024-07-28 09:32:48.554210 - (1,) val_items_per_sec : 138954.59053669934 items/s
DLL 2024-07-28 09:32:48.557285 - () run_time : 21.138222881010734 s
DLL 2024-07-28 09:32:48.557323 - () val_loss : 45.633460998535156 None
DLL 2024-07-28 09:32:48.557337 - () train_loss : 45.84035110473633 
DLL 2024-07-28 09:32:48.557350 - () train_items_per_sec : 89185.93047850602 items/s
DLL 2024-07-28 09:32:48.557361 - () val_items_per_sec : 138954.59053669934 items/s
DONE!
