DLL 2024-09-29 06:41:16.912064 - PARAMETER output : ./ 
DLL 2024-09-29 06:41:16.912119 - PARAMETER dataset_path : /data/tacotron2/LJSpeech-1.1 
DLL 2024-09-29 06:41:16.912140 - PARAMETER model_name : Tacotron2 
DLL 2024-09-29 06:41:16.912154 - PARAMETER log_file : nvlog.json 
DLL 2024-09-29 06:41:16.912167 - PARAMETER anneal_steps : None 
DLL 2024-09-29 06:41:16.912180 - PARAMETER anneal_factor : 0.1 
DLL 2024-09-29 06:41:16.912193 - PARAMETER config_file : None 
DLL 2024-09-29 06:41:16.912205 - PARAMETER seed : None 
DLL 2024-09-29 06:41:16.912216 - PARAMETER epochs : 3 
DLL 2024-09-29 06:41:16.912228 - PARAMETER epochs_per_checkpoint : 50 
DLL 2024-09-29 06:41:16.912240 - PARAMETER checkpoint_path :  
DLL 2024-09-29 06:41:16.912251 - PARAMETER resume_from_last : False 
DLL 2024-09-29 06:41:16.912263 - PARAMETER dynamic_loss_scaling : True 
DLL 2024-09-29 06:41:16.912275 - PARAMETER amp : False 
DLL 2024-09-29 06:41:16.912286 - PARAMETER cudnn_enabled : True 
DLL 2024-09-29 06:41:16.912297 - PARAMETER cudnn_benchmark : False 
DLL 2024-09-29 06:41:16.912308 - PARAMETER disable_uniform_initialize_bn_weight : False 
DLL 2024-09-29 06:41:16.912319 - PARAMETER use_saved_learning_rate : False 
DLL 2024-09-29 06:41:16.912330 - PARAMETER learning_rate : 0.0 
DLL 2024-09-29 06:41:16.912342 - PARAMETER weight_decay : 1e-06 
DLL 2024-09-29 06:41:16.912354 - PARAMETER grad_clip_thresh : 1.0 
DLL 2024-09-29 06:41:16.912369 - PARAMETER batch_size : 256 
DLL 2024-09-29 06:41:16.912380 - PARAMETER grad_clip : 5.0 
DLL 2024-09-29 06:41:16.912391 - PARAMETER load_mel_from_disk : False 
DLL 2024-09-29 06:41:16.912402 - PARAMETER training_files : filelists/ljs_audio_text_train_subset_625_filelist.txt 
DLL 2024-09-29 06:41:16.912414 - PARAMETER validation_files : filelists/ljs_audio_text_val_filelist.txt 
DLL 2024-09-29 06:41:16.912425 - PARAMETER text_cleaners : ['english_cleaners'] 
DLL 2024-09-29 06:41:16.912440 - PARAMETER max_wav_value : 32768.0 
DLL 2024-09-29 06:41:16.912451 - PARAMETER sampling_rate : 22050 
DLL 2024-09-29 06:41:16.912462 - PARAMETER filter_length : 1024 
DLL 2024-09-29 06:41:16.912472 - PARAMETER hop_length : 256 
DLL 2024-09-29 06:41:16.912484 - PARAMETER win_length : 1024 
DLL 2024-09-29 06:41:16.912495 - PARAMETER mel_fmin : 0.0 
DLL 2024-09-29 06:41:16.912506 - PARAMETER mel_fmax : 8000.0 
DLL 2024-09-29 06:41:16.912517 - PARAMETER rank : 0 
DLL 2024-09-29 06:41:16.912543 - PARAMETER world_size : 1 
DLL 2024-09-29 06:41:16.912555 - PARAMETER dist_url : tcp://localhost:23456 
DLL 2024-09-29 06:41:16.912566 - PARAMETER group_name : group_name 
DLL 2024-09-29 06:41:16.912576 - PARAMETER dist_backend : nccl 
DLL 2024-09-29 06:41:16.912588 - PARAMETER bench_class :  
DLL 2024-09-29 06:41:16.912599 - PARAMETER model_name : Tacotron2_PyT 
DLL 2024-09-29 06:41:26.229909 - (0, 0) glob_iter/iters_per_epoch : 0/2 
DLL 2024-09-29 06:41:28.313400 - (0, 0) train_loss : 46.75868225097656 
DLL 2024-09-29 06:41:29.654449 - (0, 0) train_items_per_sec : 42004.234391720085 items/s
DLL 2024-09-29 06:41:29.654548 - (0, 0) train_iter_time : 3.4246071159996063 
DLL 2024-09-29 06:41:29.664008 - (0, 1) glob_iter/iters_per_epoch : 1/2 
DLL 2024-09-29 06:41:30.300613 - (0, 1) train_loss : 45.75838851928711 
DLL 2024-09-29 06:41:31.411987 - (0, 1) train_items_per_sec : 81191.13944867293 items/s
DLL 2024-09-29 06:41:31.412050 - (0, 1) train_iter_time : 1.7480478900006347 
DLL 2024-09-29 06:41:31.439241 - (0,) train_items_per_sec : 61597.6869201965 items/s
DLL 2024-09-29 06:41:31.439302 - (0,) train_loss : 45.75838851928711 
DLL 2024-09-29 06:41:31.439322 - (0,) train_epoch_time : 10.262578099000166 
DLL 2024-09-29 06:41:34.031791 - (0, 2, 0) val_items_per_sec : 104228.5292027917 items/s
DLL 2024-09-29 06:41:34.078260 - (0,) val_loss : 45.634002685546875 None
DLL 2024-09-29 06:41:34.078329 - (0,) val_items_per_sec : 104228.5292027917 items/s
Saving model and optimizer state at epoch 0 to ./checkpoint_Tacotron2_0.pt
Updating symlink ./checkpoint_Tacotron2_last.pt to point to checkpoint_Tacotron2_0.pt
DLL 2024-09-29 06:41:40.053605 - (1, 0) glob_iter/iters_per_epoch : 2/2 
DLL 2024-09-29 06:41:40.762231 - (1, 0) train_loss : 46.84364318847656 
DLL 2024-09-29 06:41:41.856769 - (1, 0) train_items_per_sec : 80374.94678095319 items/s
DLL 2024-09-29 06:41:41.856834 - (1, 0) train_iter_time : 1.8032235889995718 
DLL 2024-09-29 06:41:41.864381 - (1, 1) glob_iter/iters_per_epoch : 3/2 
DLL 2024-09-29 06:41:42.643858 - (1, 1) train_loss : 46.59550476074219 
DLL 2024-09-29 06:41:43.764543 - (1, 1) train_items_per_sec : 75673.86331991943 items/s
DLL 2024-09-29 06:41:43.764614 - (1, 1) train_iter_time : 1.90019372200004 
DLL 2024-09-29 06:41:43.842326 - (1,) train_items_per_sec : 78024.40505043631 items/s
DLL 2024-09-29 06:41:43.842389 - (1,) train_loss : 46.59550476074219 
DLL 2024-09-29 06:41:43.842412 - (1,) train_epoch_time : 9.213553995000439 
DLL 2024-09-29 06:41:46.403092 - (1, 4, 0) val_items_per_sec : 106133.43648871078 items/s
DLL 2024-09-29 06:41:46.447497 - (1,) val_loss : 45.62871170043945 None
DLL 2024-09-29 06:41:46.447597 - (1,) val_items_per_sec : 106133.43648871078 items/s
DLL 2024-09-29 06:41:51.761340 - (2, 0) glob_iter/iters_per_epoch : 4/2 
DLL 2024-09-29 06:41:52.449055 - (2, 0) train_loss : 46.55174255371094 
DLL 2024-09-29 06:41:53.560393 - (2, 0) train_items_per_sec : 79503.0594662553 items/s
DLL 2024-09-29 06:41:53.560469 - (2, 0) train_iter_time : 1.7991005750000113 
DLL 2024-09-29 06:41:53.571889 - (2, 1) glob_iter/iters_per_epoch : 5/2 
DLL 2024-09-29 06:41:54.160898 - (2, 1) train_loss : 47.92095947265625 
DLL 2024-09-29 06:41:55.265424 - (2, 1) train_items_per_sec : 87884.39763877098 items/s
DLL 2024-09-29 06:41:55.265485 - (2, 1) train_iter_time : 1.6935656839996227 
DLL 2024-09-29 06:41:55.341254 - (2,) train_items_per_sec : 83693.72855251314 items/s
DLL 2024-09-29 06:41:55.341352 - (2,) train_loss : 47.92095947265625 
DLL 2024-09-29 06:41:55.341376 - (2,) train_epoch_time : 8.888562462000664 
DLL 2024-09-29 06:41:57.907381 - (2, 6, 0) val_items_per_sec : 106667.17446525006 items/s
DLL 2024-09-29 06:41:57.954182 - (2,) val_loss : 45.62276840209961 None
DLL 2024-09-29 06:41:57.954254 - (2,) val_items_per_sec : 106667.17446525006 items/s
DLL 2024-09-29 06:41:57.958586 - () run_time : 38.20116526700076 s
DLL 2024-09-29 06:41:57.958639 - () val_loss : 45.62276840209961 None
DLL 2024-09-29 06:41:57.958661 - () train_loss : 47.92095947265625 
DLL 2024-09-29 06:41:57.958679 - () train_items_per_sec : 83693.72855251314 items/s
DLL 2024-09-29 06:41:57.958695 - () val_items_per_sec : 106667.17446525006 items/s
DONE!
