DLL 2024-07-28 09:42:14.874307 - PARAMETER output : ./ 
DLL 2024-07-28 09:42:14.874374 - PARAMETER dataset_path : /data/tacotron2/LJSpeech-1.1 
DLL 2024-07-28 09:42:14.874391 - PARAMETER model_name : Tacotron2 
DLL 2024-07-28 09:42:14.874402 - PARAMETER log_file : nvlog.json 
DLL 2024-07-28 09:42:14.874412 - PARAMETER anneal_steps : None 
DLL 2024-07-28 09:42:14.874422 - PARAMETER anneal_factor : 0.1 
DLL 2024-07-28 09:42:14.874433 - PARAMETER config_file : None 
DLL 2024-07-28 09:42:14.874442 - PARAMETER seed : None 
DLL 2024-07-28 09:42:14.874451 - PARAMETER epochs : 3 
DLL 2024-07-28 09:42:14.874460 - PARAMETER epochs_per_checkpoint : 50 
DLL 2024-07-28 09:42:14.874469 - PARAMETER checkpoint_path :  
DLL 2024-07-28 09:42:14.874478 - PARAMETER resume_from_last : False 
DLL 2024-07-28 09:42:14.874487 - PARAMETER dynamic_loss_scaling : True 
DLL 2024-07-28 09:42:14.874496 - PARAMETER amp : False 
DLL 2024-07-28 09:42:14.874505 - PARAMETER cudnn_enabled : True 
DLL 2024-07-28 09:42:14.874513 - PARAMETER cudnn_benchmark : False 
DLL 2024-07-28 09:42:14.874521 - PARAMETER disable_uniform_initialize_bn_weight : False 
DLL 2024-07-28 09:42:14.874531 - PARAMETER use_saved_learning_rate : False 
DLL 2024-07-28 09:42:14.874540 - PARAMETER learning_rate : 0.0 
DLL 2024-07-28 09:42:14.874549 - PARAMETER weight_decay : 1e-06 
DLL 2024-07-28 09:42:14.874559 - PARAMETER grad_clip_thresh : 1.0 
DLL 2024-07-28 09:42:14.874568 - PARAMETER batch_size : 256 
DLL 2024-07-28 09:42:14.874577 - PARAMETER grad_clip : 5.0 
DLL 2024-07-28 09:42:14.874585 - PARAMETER load_mel_from_disk : False 
DLL 2024-07-28 09:42:14.874594 - PARAMETER training_files : filelists/ljs_audio_text_train_subset_625_filelist.txt 
DLL 2024-07-28 09:42:14.874602 - PARAMETER validation_files : filelists/ljs_audio_text_val_filelist.txt 
DLL 2024-07-28 09:42:14.874611 - PARAMETER text_cleaners : ['english_cleaners'] 
DLL 2024-07-28 09:42:14.874622 - PARAMETER max_wav_value : 32768.0 
DLL 2024-07-28 09:42:14.874631 - PARAMETER sampling_rate : 22050 
DLL 2024-07-28 09:42:14.874640 - PARAMETER filter_length : 1024 
DLL 2024-07-28 09:42:14.874651 - PARAMETER hop_length : 256 
DLL 2024-07-28 09:42:14.874659 - PARAMETER win_length : 1024 
DLL 2024-07-28 09:42:14.874668 - PARAMETER mel_fmin : 0.0 
DLL 2024-07-28 09:42:14.874676 - PARAMETER mel_fmax : 8000.0 
DLL 2024-07-28 09:42:14.874685 - PARAMETER rank : 0 
DLL 2024-07-28 09:42:14.874694 - PARAMETER world_size : 1 
DLL 2024-07-28 09:42:14.874702 - PARAMETER dist_url : tcp://localhost:23456 
DLL 2024-07-28 09:42:14.874710 - PARAMETER group_name : group_name 
DLL 2024-07-28 09:42:14.874719 - PARAMETER dist_backend : nccl 
DLL 2024-07-28 09:42:14.874728 - PARAMETER bench_class :  
DLL 2024-07-28 09:42:14.874736 - PARAMETER model_name : Tacotron2_PyT 
DLL 2024-07-28 09:42:22.580337 - (0, 0) glob_iter/iters_per_epoch : 0/2 
DLL 2024-07-28 09:42:24.357087 - (0, 0) train_loss : 47.14612579345703 
DLL 2024-07-28 09:42:25.641000 - (0, 0) train_items_per_sec : 47870.655627138476 items/s
DLL 2024-07-28 09:42:25.641088 - (0, 0) train_iter_time : 3.0607268290041247 
DLL 2024-07-28 09:42:25.650797 - (0, 1) glob_iter/iters_per_epoch : 1/2 
DLL 2024-07-28 09:42:26.124713 - (0, 1) train_loss : 45.89351272583008 
DLL 2024-07-28 09:42:27.211739 - (0, 1) train_items_per_sec : 90035.67526021367 items/s
DLL 2024-07-28 09:42:27.211814 - (0, 1) train_iter_time : 1.5610145599930547 
DLL 2024-07-28 09:42:27.238951 - (0,) train_items_per_sec : 68953.16544367607 items/s
DLL 2024-07-28 09:42:27.239037 - (0,) train_loss : 45.89351272583008 
DLL 2024-07-28 09:42:27.239054 - (0,) train_epoch_time : 8.29306029000145 
DLL 2024-07-28 09:42:29.134740 - (0, 2, 0) val_items_per_sec : 135605.15969026258 items/s
DLL 2024-07-28 09:42:29.176844 - (0,) val_loss : 45.57154846191406 None
DLL 2024-07-28 09:42:29.176899 - (0,) val_items_per_sec : 135605.15969026258 items/s
Saving model and optimizer state at epoch 0 to ./checkpoint_Tacotron2_0.pt
Updating symlink ./checkpoint_Tacotron2_last.pt to point to checkpoint_Tacotron2_0.pt
DLL 2024-07-28 09:42:33.594421 - (1, 0) glob_iter/iters_per_epoch : 2/2 
DLL 2024-07-28 09:42:34.159795 - (1, 0) train_loss : 47.369319915771484 
DLL 2024-07-28 09:42:35.237368 - (1, 0) train_items_per_sec : 88210.14248407757 items/s
DLL 2024-07-28 09:42:35.237445 - (1, 0) train_iter_time : 1.6429970059980405 
DLL 2024-07-28 09:42:35.243912 - (1, 1) glob_iter/iters_per_epoch : 3/2 
DLL 2024-07-28 09:42:35.697541 - (1, 1) train_loss : 46.703147888183594 
DLL 2024-07-28 09:42:36.786128 - (1, 1) train_items_per_sec : 93542.09776036144 items/s
DLL 2024-07-28 09:42:36.786228 - (1, 1) train_iter_time : 1.5422467899916228 
DLL 2024-07-28 09:42:36.843943 - (1,) train_items_per_sec : 90876.12012221951 items/s
DLL 2024-07-28 09:42:36.844017 - (1,) train_loss : 46.703147888183594 
DLL 2024-07-28 09:42:36.844034 - (1,) train_epoch_time : 7.240685334007139 
DLL 2024-07-28 09:42:38.682597 - (1, 4, 0) val_items_per_sec : 138942.20597068378 items/s
DLL 2024-07-28 09:42:38.722843 - (1,) val_loss : 45.57556915283203 None
DLL 2024-07-28 09:42:38.722894 - (1,) val_items_per_sec : 138942.20597068378 items/s
DLL 2024-07-28 09:42:42.570848 - (2, 0) glob_iter/iters_per_epoch : 4/2 
DLL 2024-07-28 09:42:43.233616 - (2, 0) train_loss : 47.11064529418945 
DLL 2024-07-28 09:42:44.333867 - (2, 0) train_items_per_sec : 82269.77741441877 items/s
DLL 2024-07-28 09:42:44.333939 - (2, 0) train_iter_time : 1.7630654240056174 
DLL 2024-07-28 09:42:44.340046 - (2, 1) glob_iter/iters_per_epoch : 5/2 
DLL 2024-07-28 09:42:44.815825 - (2, 1) train_loss : 46.6543083190918 
DLL 2024-07-28 09:42:45.891940 - (2, 1) train_items_per_sec : 91891.48474161171 items/s
DLL 2024-07-28 09:42:45.892005 - (2, 1) train_iter_time : 1.551906581997173 
DLL 2024-07-28 09:42:45.943164 - (2,) train_items_per_sec : 87080.63107801524 items/s
DLL 2024-07-28 09:42:45.943240 - (2,) train_loss : 46.6543083190918 
DLL 2024-07-28 09:42:45.943258 - (2,) train_epoch_time : 7.216922920008074 
DLL 2024-07-28 09:42:47.780960 - (2, 6, 0) val_items_per_sec : 136591.35083046672 items/s
DLL 2024-07-28 09:42:47.818404 - (2,) val_loss : 45.5814208984375 None
DLL 2024-07-28 09:42:47.818457 - (2,) val_items_per_sec : 136591.35083046672 items/s
DLL 2024-07-28 09:42:47.821901 - () run_time : 30.125461110990727 s
DLL 2024-07-28 09:42:47.821943 - () val_loss : 45.5814208984375 None
DLL 2024-07-28 09:42:47.821972 - () train_loss : 46.6543083190918 
DLL 2024-07-28 09:42:47.821984 - () train_items_per_sec : 87080.63107801524 items/s
DLL 2024-07-28 09:42:47.821996 - () val_items_per_sec : 136591.35083046672 items/s
DONE!
