OMP: Info #276: omp_set_nested routine deprecated, please use omp_set_max_active_levels instead.
OMP: Info #276: omp_set_nested routine deprecated, please use omp_set_max_active_levels instead.
[W socket.cpp:601] [c10d] The client socket has failed to connect to [localhost]:23456 (errno: 99 - Cannot assign requested address).
DLL 2022-12-15 01:38:35.558584 - PARAMETER output : ./ 
DLL 2022-12-15 01:38:35.558639 - PARAMETER dataset_path : /data/tacotron2/LJSpeech-1.1 
DLL 2022-12-15 01:38:35.558661 - PARAMETER model_name : Tacotron2 
DLL 2022-12-15 01:38:35.558678 - PARAMETER log_file : nvlog.json 
DLL 2022-12-15 01:38:35.558693 - PARAMETER anneal_steps : None 
DLL 2022-12-15 01:38:35.558709 - PARAMETER anneal_factor : 0.1 
DLL 2022-12-15 01:38:35.558726 - PARAMETER config_file : None 
DLL 2022-12-15 01:38:35.558741 - PARAMETER seed : None 
DLL 2022-12-15 01:38:35.558755 - PARAMETER epochs : 1 
DLL 2022-12-15 01:38:35.558770 - PARAMETER epochs_per_checkpoint : 50 
DLL 2022-12-15 01:38:35.558785 - PARAMETER checkpoint_path :  
DLL 2022-12-15 01:38:35.558801 - PARAMETER resume_from_last : False 
DLL 2022-12-15 01:38:35.558817 - PARAMETER dynamic_loss_scaling : True 
DLL 2022-12-15 01:38:35.558832 - PARAMETER amp : False 
DLL 2022-12-15 01:38:35.558847 - PARAMETER cudnn_enabled : True 
DLL 2022-12-15 01:38:35.558862 - PARAMETER cudnn_benchmark : False 
DLL 2022-12-15 01:38:35.558876 - PARAMETER disable_uniform_initialize_bn_weight : False 
DLL 2022-12-15 01:38:35.558891 - PARAMETER use_saved_learning_rate : False 
DLL 2022-12-15 01:38:35.558905 - PARAMETER learning_rate : 0.0 
DLL 2022-12-15 01:38:35.558921 - PARAMETER weight_decay : 1e-06 
DLL 2022-12-15 01:38:35.558937 - PARAMETER grad_clip_thresh : 1.0 
DLL 2022-12-15 01:38:35.558952 - PARAMETER batch_size : 136 
DLL 2022-12-15 01:38:35.558967 - PARAMETER grad_clip : 5.0 
DLL 2022-12-15 01:38:35.558982 - PARAMETER load_mel_from_disk : False 
DLL 2022-12-15 01:38:35.558997 - PARAMETER training_files : filelists/ljs_audio_text_train_subset_625_filelist.txt 
DLL 2022-12-15 01:38:35.559012 - PARAMETER validation_files : filelists/ljs_audio_text_val_filelist.txt 
DLL 2022-12-15 01:38:35.559026 - PARAMETER text_cleaners : ['english_cleaners'] 
DLL 2022-12-15 01:38:35.559044 - PARAMETER max_wav_value : 32768.0 
DLL 2022-12-15 01:38:35.559059 - PARAMETER sampling_rate : 22050 
DLL 2022-12-15 01:38:35.559074 - PARAMETER filter_length : 1024 
DLL 2022-12-15 01:38:35.559088 - PARAMETER hop_length : 256 
DLL 2022-12-15 01:38:35.559103 - PARAMETER win_length : 1024 
DLL 2022-12-15 01:38:35.559117 - PARAMETER mel_fmin : 0.0 
DLL 2022-12-15 01:38:35.559132 - PARAMETER mel_fmax : 8000.0 
DLL 2022-12-15 01:38:35.559146 - PARAMETER rank : 0 
DLL 2022-12-15 01:38:35.559161 - PARAMETER world_size : 2 
DLL 2022-12-15 01:38:35.559175 - PARAMETER dist_url : tcp://localhost:23456 
DLL 2022-12-15 01:38:35.559189 - PARAMETER group_name : group_name 
DLL 2022-12-15 01:38:35.559204 - PARAMETER dist_backend : nccl 
DLL 2022-12-15 01:38:35.559218 - PARAMETER bench_class :  
DLL 2022-12-15 01:38:35.559233 - PARAMETER model_name : Tacotron2_PyT 
Initializing Distributed
Done initializing distributed
DLL 2022-12-15 01:38:42.914544 - (0, 0) glob_iter/iters_per_epoch : 0/2 
DLL 2022-12-15 01:38:47.015504 - (0, 0) train_loss : 46.371158599853516 
DLL 2022-12-15 01:38:49.211833 - (0, 0) train_items_per_sec : 24080.773782574324 items/s
DLL 2022-12-15 01:38:49.211905 - (0, 0) train_iter_time : 6.297347476007417 
DLL 2022-12-15 01:38:49.220496 - (0, 1) glob_iter/iters_per_epoch : 1/2 
DLL 2022-12-15 01:38:49.944174 - (0, 1) train_loss : 47.72687911987305 
DLL 2022-12-15 01:38:52.069542 - (0, 1) train_items_per_sec : 54787.02771830833 items/s
DLL 2022-12-15 01:38:52.069624 - (0, 1) train_iter_time : 2.849050340941176 
DLL 2022-12-15 01:38:52.091744 - (0,) train_items_per_sec : 39433.90075044133 items/s
DLL 2022-12-15 01:38:52.091826 - (0,) train_loss : 47.72687911987305 
DLL 2022-12-15 01:38:52.091847 - (0,) train_epoch_time : 12.588954008882865 
/opt/conda/lib/python3.8/site-packages/torch/nn/parallel/scatter_gather.py:9: UserWarning: is_namedtuple is deprecated, please use the python checks instead
  warnings.warn("is_namedtuple is deprecated, please use the python checks instead")
/opt/conda/lib/python3.8/site-packages/torch/nn/parallel/scatter_gather.py:9: UserWarning: is_namedtuple is deprecated, please use the python checks instead
  warnings.warn("is_namedtuple is deprecated, please use the python checks instead")
DLL 2022-12-15 01:38:53.960856 - (0, 2, 0) val_items_per_sec : 102798.93595252746 items/s
DLL 2022-12-15 01:38:54.001107 - (0,) val_loss : 45.90953826904297 None
DLL 2022-12-15 01:38:54.001230 - (0,) val_items_per_sec : 102798.93595252746 items/s
Saving model and optimizer state at epoch 0 to ./checkpoint_Tacotron2_0.pt
Updating symlink ./checkpoint_Tacotron2_last.pt to point to checkpoint_Tacotron2_0.pt
DLL 2022-12-15 01:38:54.525204 - () run_time : 17.52081869589165 s
DLL 2022-12-15 01:38:54.525322 - () val_loss : 45.90953826904297 None
DLL 2022-12-15 01:38:54.525532 - () train_loss : 47.72687911987305 
DLL 2022-12-15 01:38:54.525575 - () train_items_per_sec : 39433.90075044133 items/s
DLL 2022-12-15 01:38:54.525615 - () val_items_per_sec : 102798.93595252746 items/s
DONE!
