DLL 2024-07-28 11:03:50.781210 - PARAMETER output : ./ 
DLL 2024-07-28 11:03:50.781280 - PARAMETER dataset_path : /data/tacotron2/LJSpeech-1.1 
DLL 2024-07-28 11:03:50.781299 - PARAMETER model_name : Tacotron2 
DLL 2024-07-28 11:03:50.781314 - PARAMETER log_file : nvlog.json 
DLL 2024-07-28 11:03:50.781325 - PARAMETER anneal_steps : None 
DLL 2024-07-28 11:03:50.781337 - PARAMETER anneal_factor : 0.1 
DLL 2024-07-28 11:03:50.781350 - PARAMETER config_file : None 
DLL 2024-07-28 11:03:50.781361 - PARAMETER seed : None 
DLL 2024-07-28 11:03:50.781372 - PARAMETER epochs : 3 
DLL 2024-07-28 11:03:50.781384 - PARAMETER epochs_per_checkpoint : 50 
DLL 2024-07-28 11:03:50.781396 - PARAMETER checkpoint_path :  
DLL 2024-07-28 11:03:50.781408 - PARAMETER resume_from_last : False 
DLL 2024-07-28 11:03:50.781421 - PARAMETER dynamic_loss_scaling : True 
DLL 2024-07-28 11:03:50.781432 - PARAMETER amp : False 
DLL 2024-07-28 11:03:50.781443 - PARAMETER cudnn_enabled : True 
DLL 2024-07-28 11:03:50.781454 - PARAMETER cudnn_benchmark : False 
DLL 2024-07-28 11:03:50.781465 - PARAMETER disable_uniform_initialize_bn_weight : False 
DLL 2024-07-28 11:03:50.781477 - PARAMETER use_saved_learning_rate : False 
DLL 2024-07-28 11:03:50.781488 - PARAMETER learning_rate : 0.0 
DLL 2024-07-28 11:03:50.781500 - PARAMETER weight_decay : 1e-06 
DLL 2024-07-28 11:03:50.781514 - PARAMETER grad_clip_thresh : 1.0 
DLL 2024-07-28 11:03:50.781525 - PARAMETER batch_size : 256 
DLL 2024-07-28 11:03:50.781536 - PARAMETER grad_clip : 5.0 
DLL 2024-07-28 11:03:50.781547 - PARAMETER load_mel_from_disk : False 
DLL 2024-07-28 11:03:50.781558 - PARAMETER training_files : filelists/ljs_audio_text_train_subset_2500_filelist.txt 
DLL 2024-07-28 11:03:50.781570 - PARAMETER validation_files : filelists/ljs_audio_text_val_filelist.txt 
DLL 2024-07-28 11:03:50.781583 - PARAMETER text_cleaners : ['english_cleaners'] 
DLL 2024-07-28 11:03:50.781600 - PARAMETER max_wav_value : 32768.0 
DLL 2024-07-28 11:03:50.781611 - PARAMETER sampling_rate : 22050 
DLL 2024-07-28 11:03:50.781623 - PARAMETER filter_length : 1024 
DLL 2024-07-28 11:03:50.781633 - PARAMETER hop_length : 256 
DLL 2024-07-28 11:03:50.781644 - PARAMETER win_length : 1024 
DLL 2024-07-28 11:03:50.781654 - PARAMETER mel_fmin : 0.0 
DLL 2024-07-28 11:03:50.781665 - PARAMETER mel_fmax : 8000.0 
DLL 2024-07-28 11:03:50.781676 - PARAMETER rank : 0 
DLL 2024-07-28 11:03:50.781687 - PARAMETER world_size : 8 
DLL 2024-07-28 11:03:50.781697 - PARAMETER dist_url : tcp://localhost:23456 
DLL 2024-07-28 11:03:50.781708 - PARAMETER group_name : group_name 
DLL 2024-07-28 11:03:50.781718 - PARAMETER dist_backend : nccl 
DLL 2024-07-28 11:03:50.781729 - PARAMETER bench_class :  
DLL 2024-07-28 11:03:50.781740 - PARAMETER model_name : Tacotron2_PyT 
Initializing Distributed
Done initializing distributed
DLL 2024-07-28 11:04:18.236467 - (0, 0) glob_iter/iters_per_epoch : 0/1 
DLL 2024-07-28 11:04:22.794045 - (0, 0) train_loss : 46.71941375732422 
DLL 2024-07-28 11:04:24.196596 - (0, 0) train_items_per_sec : 194416.35836859734 items/s
DLL 2024-07-28 11:04:24.196687 - (0, 0) train_iter_time : 5.9602083370118635 
DLL 2024-07-28 11:04:24.237721 - (0,) train_items_per_sec : 194416.35836859734 items/s
DLL 2024-07-28 11:04:24.237817 - (0,) train_loss : 46.71941375732422 
DLL 2024-07-28 11:04:24.237838 - (0,) train_epoch_time : 11.25400967700989 
DLL 2024-07-28 11:04:25.121648 - (0, 1, 0) val_items_per_sec : 93413.09979169261 items/s
DLL 2024-07-28 11:04:25.164841 - (0,) val_loss : 48.12767791748047 None
DLL 2024-07-28 11:04:25.164911 - (0,) val_items_per_sec : 93413.09979169261 items/s
Saving model and optimizer state at epoch 0 to ./checkpoint_Tacotron2_0.pt
Updating symlink ./checkpoint_Tacotron2_last.pt to point to checkpoint_Tacotron2_0.pt
DLL 2024-07-28 11:04:31.423294 - (1, 0) glob_iter/iters_per_epoch : 1/1 
DLL 2024-07-28 11:04:32.224694 - (1, 0) train_loss : 46.429359436035156 
DLL 2024-07-28 11:04:33.484056 - (1, 0) train_items_per_sec : 558011.9857243842 items/s
DLL 2024-07-28 11:04:33.484146 - (1, 0) train_iter_time : 2.060812365001766 
DLL 2024-07-28 11:04:33.570765 - (1,) train_items_per_sec : 558011.9857243842 items/s
DLL 2024-07-28 11:04:33.570867 - (1,) train_loss : 46.429359436035156 
DLL 2024-07-28 11:04:33.570893 - (1,) train_epoch_time : 7.861926587997004 
DLL 2024-07-28 11:04:34.480794 - (1, 2, 0) val_items_per_sec : 90796.56888517187 items/s
DLL 2024-07-28 11:04:34.531372 - (1,) val_loss : 48.119606018066406 None
DLL 2024-07-28 11:04:34.531436 - (1,) val_items_per_sec : 90796.56888517187 items/s
DLL 2024-07-28 11:04:40.208867 - (2, 0) glob_iter/iters_per_epoch : 2/1 
DLL 2024-07-28 11:04:41.279898 - (2, 0) train_loss : 46.78913116455078 
DLL 2024-07-28 11:04:42.451656 - (2, 0) train_items_per_sec : 517185.4604216794 items/s
DLL 2024-07-28 11:04:42.451745 - (2, 0) train_iter_time : 2.242829872004222 
DLL 2024-07-28 11:04:42.568485 - (2,) train_items_per_sec : 517185.4604216794 items/s
DLL 2024-07-28 11:04:42.568578 - (2,) train_loss : 46.78913116455078 
DLL 2024-07-28 11:04:42.568603 - (2,) train_epoch_time : 8.035644945004606 
DLL 2024-07-28 11:04:43.472409 - (2, 3, 0) val_items_per_sec : 102818.1341014071 items/s
DLL 2024-07-28 11:04:43.524005 - (2,) val_loss : 48.113128662109375 None
DLL 2024-07-28 11:04:43.524072 - (2,) val_items_per_sec : 102818.1341014071 items/s
DLL 2024-07-28 11:04:43.525838 - () run_time : 46.038604453002336 s
DLL 2024-07-28 11:04:43.525881 - () val_loss : 48.113128662109375 None
DLL 2024-07-28 11:04:43.525902 - () train_loss : 46.78913116455078 
DLL 2024-07-28 11:04:43.525920 - () train_items_per_sec : 517185.4604216794 items/s
DLL 2024-07-28 11:04:43.525935 - () val_items_per_sec : 102818.1341014071 items/s
DONE!
