/usr/local/lib/python3.10/dist-packages/torch/nn/utils/weight_norm.py:28: UserWarning: torch.nn.utils.weight_norm is deprecated in favor of torch.nn.utils.parametrizations.weight_norm.
  warnings.warn("torch.nn.utils.weight_norm is deprecated in favor of torch.nn.utils.parametrizations.weight_norm.")
/usr/local/lib/python3.10/dist-packages/torch/nn/utils/weight_norm.py:28: UserWarning: torch.nn.utils.weight_norm is deprecated in favor of torch.nn.utils.parametrizations.weight_norm.
  warnings.warn("torch.nn.utils.weight_norm is deprecated in favor of torch.nn.utils.parametrizations.weight_norm.")
DLL 2024-10-02 21:41:35.540860 - PARAMETER output : ./ 
DLL 2024-10-02 21:41:35.540913 - PARAMETER dataset_path : /data/tacotron2/LJSpeech-1.1 
DLL 2024-10-02 21:41:35.540939 - PARAMETER model_name : WaveGlow 
DLL 2024-10-02 21:41:35.540951 - PARAMETER log_file : nvlog.json 
DLL 2024-10-02 21:41:35.540960 - PARAMETER anneal_steps : None 
DLL 2024-10-02 21:41:35.540970 - PARAMETER anneal_factor : 0.1 
DLL 2024-10-02 21:41:35.540980 - PARAMETER config_file : None 
DLL 2024-10-02 21:41:35.540989 - PARAMETER seed : None 
DLL 2024-10-02 21:41:35.540998 - PARAMETER epochs : 2 
DLL 2024-10-02 21:41:35.541008 - PARAMETER epochs_per_checkpoint : 50 
DLL 2024-10-02 21:41:35.541016 - PARAMETER checkpoint_path :  
DLL 2024-10-02 21:41:35.541025 - PARAMETER resume_from_last : False 
DLL 2024-10-02 21:41:35.541034 - PARAMETER dynamic_loss_scaling : True 
DLL 2024-10-02 21:41:35.541043 - PARAMETER amp : False 
DLL 2024-10-02 21:41:35.541051 - PARAMETER cudnn_enabled : True 
DLL 2024-10-02 21:41:35.541060 - PARAMETER cudnn_benchmark : True 
DLL 2024-10-02 21:41:35.541068 - PARAMETER disable_uniform_initialize_bn_weight : False 
DLL 2024-10-02 21:41:35.541076 - PARAMETER use_saved_learning_rate : False 
DLL 2024-10-02 21:41:35.541085 - PARAMETER learning_rate : 0.0 
DLL 2024-10-02 21:41:35.541094 - PARAMETER weight_decay : 0.0 
DLL 2024-10-02 21:41:35.541102 - PARAMETER grad_clip_thresh : 65504.0 
DLL 2024-10-02 21:41:35.541111 - PARAMETER batch_size : 48 
DLL 2024-10-02 21:41:35.541121 - PARAMETER grad_clip : 5.0 
DLL 2024-10-02 21:41:35.541135 - PARAMETER load_mel_from_disk : False 
DLL 2024-10-02 21:41:35.541143 - PARAMETER training_files : filelists/ljs_audio_text_train_subset_625_filelist.txt 
DLL 2024-10-02 21:41:35.541152 - PARAMETER validation_files : filelists/ljs_audio_text_val_filelist.txt 
DLL 2024-10-02 21:41:35.541161 - PARAMETER text_cleaners : ['english_cleaners'] 
DLL 2024-10-02 21:41:35.541174 - PARAMETER max_wav_value : 32768.0 
DLL 2024-10-02 21:41:35.541182 - PARAMETER sampling_rate : 22050 
DLL 2024-10-02 21:41:35.541191 - PARAMETER filter_length : 1024 
DLL 2024-10-02 21:41:35.541199 - PARAMETER hop_length : 256 
DLL 2024-10-02 21:41:35.541207 - PARAMETER win_length : 1024 
DLL 2024-10-02 21:41:35.541215 - PARAMETER mel_fmin : 0.0 
DLL 2024-10-02 21:41:35.541224 - PARAMETER mel_fmax : 8000.0 
DLL 2024-10-02 21:41:35.541233 - PARAMETER rank : 0 
DLL 2024-10-02 21:41:35.541241 - PARAMETER world_size : 2 
DLL 2024-10-02 21:41:35.541249 - PARAMETER dist_url : tcp://localhost:23456 
DLL 2024-10-02 21:41:35.541257 - PARAMETER group_name : group_name 
DLL 2024-10-02 21:41:35.541265 - PARAMETER dist_backend : nccl 
DLL 2024-10-02 21:41:35.541274 - PARAMETER bench_class :  
DLL 2024-10-02 21:41:35.541282 - PARAMETER model_name : Tacotron2_PyT 
Initializing Distributed
Done initializing distributed
DLL 2024-10-02 21:41:43.084268 - (0, 0) glob_iter/iters_per_epoch : 0/6 
DLL 2024-10-02 21:41:48.146922 - (0, 0) train_loss : 0.0018715993501245975 
DLL 2024-10-02 21:41:50.660985 - (0, 0) train_items_per_sec : 101362.50744726833 items/s
DLL 2024-10-02 21:41:50.661070 - (0, 0) train_iter_time : 7.576765999001509 
DLL 2024-10-02 21:41:50.661397 - (0, 1) glob_iter/iters_per_epoch : 1/6 
DLL 2024-10-02 21:41:50.906480 - (0, 1) train_loss : 0.002053293399512768 
DLL 2024-10-02 21:41:51.493956 - (0, 1) train_items_per_sec : 922450.049529055 items/s
DLL 2024-10-02 21:41:51.494017 - (0, 1) train_iter_time : 0.8325654059990484 
DLL 2024-10-02 21:41:51.494551 - (0, 2) glob_iter/iters_per_epoch : 2/6 
DLL 2024-10-02 21:41:51.731019 - (0, 2) train_loss : 0.0023709521628916264 
DLL 2024-10-02 21:41:52.317296 - (0, 2) train_items_per_sec : 933454.4163106236 items/s
DLL 2024-10-02 21:41:52.317347 - (0, 2) train_iter_time : 0.8227504059977946 
DLL 2024-10-02 21:41:52.319218 - (0, 3) glob_iter/iters_per_epoch : 3/6 
DLL 2024-10-02 21:41:52.554137 - (0, 3) train_loss : 0.002215169370174408 
DLL 2024-10-02 21:41:53.139647 - (0, 3) train_items_per_sec : 936087.3046232909 items/s
DLL 2024-10-02 21:41:53.139697 - (0, 3) train_iter_time : 0.8204362949982169 
DLL 2024-10-02 21:41:53.140134 - (0, 4) glob_iter/iters_per_epoch : 4/6 
DLL 2024-10-02 21:41:53.376536 - (0, 4) train_loss : 0.0026516930665820837 
DLL 2024-10-02 21:41:53.963701 - (0, 4) train_items_per_sec : 932523.4619604903 items/s
DLL 2024-10-02 21:41:53.963749 - (0, 4) train_iter_time : 0.8235717720017419 
DLL 2024-10-02 21:41:53.964060 - (0, 5) glob_iter/iters_per_epoch : 5/6 
DLL 2024-10-02 21:41:54.200825 - (0, 5) train_loss : 0.0022904109209775925 
DLL 2024-10-02 21:41:54.787388 - (0, 5) train_items_per_sec : 932795.9788815739 items/s
DLL 2024-10-02 21:41:54.787435 - (0, 5) train_iter_time : 0.8233311650001269 
DLL 2024-10-02 21:41:54.854438 - (0,) train_items_per_sec : 793112.2864587171 items/s
DLL 2024-10-02 21:41:54.854538 - (0,) train_loss : 0.0022904109209775925 
DLL 2024-10-02 21:41:54.854558 - (0,) train_epoch_time : 12.102158767997025 
DLL 2024-10-02 21:41:55.224728 - (0, 6, 0) val_items_per_sec : 2779284.922637637 items/s
DLL 2024-10-02 21:41:55.867742 - (0, 6, 1) val_items_per_sec : 49903.91461283048 items/s
DLL 2024-10-02 21:41:55.897615 - (0,) val_loss : 0.001421790278982371 None
DLL 2024-10-02 21:41:55.897679 - (0,) val_items_per_sec : 1414594.4186252337 items/s
Saving model and optimizer state at epoch 0 to ./checkpoint_WaveGlow_0.pt
Updating symlink ./checkpoint_WaveGlow_last.pt to point to checkpoint_WaveGlow_0.pt
DLL 2024-10-02 21:42:00.890324 - (1, 0) glob_iter/iters_per_epoch : 6/6 
DLL 2024-10-02 21:42:01.130443 - (1, 0) train_loss : 0.002372437622398138 
DLL 2024-10-02 21:42:01.719188 - (1, 0) train_items_per_sec : 926524.4682842649 items/s
DLL 2024-10-02 21:42:01.719246 - (1, 0) train_iter_time : 0.8289041749994794 
DLL 2024-10-02 21:42:01.719589 - (1, 1) glob_iter/iters_per_epoch : 7/6 
DLL 2024-10-02 21:42:01.957519 - (1, 1) train_loss : 0.0022542451042681932 
DLL 2024-10-02 21:42:02.543727 - (1, 1) train_items_per_sec : 931876.1343536804 items/s
DLL 2024-10-02 21:42:02.543779 - (1, 1) train_iter_time : 0.8241438660006679 
DLL 2024-10-02 21:42:02.546574 - (1, 2) glob_iter/iters_per_epoch : 8/6 
DLL 2024-10-02 21:42:02.782977 - (1, 2) train_loss : 0.002193048130720854 
DLL 2024-10-02 21:42:03.369952 - (1, 2) train_items_per_sec : 932734.1169220133 items/s
DLL 2024-10-02 21:42:03.370002 - (1, 2) train_iter_time : 0.8233857710001757 
DLL 2024-10-02 21:42:03.370546 - (1, 3) glob_iter/iters_per_epoch : 9/6 
DLL 2024-10-02 21:42:03.607305 - (1, 3) train_loss : 0.002309329342097044 
DLL 2024-10-02 21:42:04.193412 - (1, 3) train_items_per_sec : 933317.3494644782 items/s
DLL 2024-10-02 21:42:04.193461 - (1, 3) train_iter_time : 0.8228712349991838 
DLL 2024-10-02 21:42:04.195488 - (1, 4) glob_iter/iters_per_epoch : 10/6 
DLL 2024-10-02 21:42:04.430895 - (1, 4) train_loss : 0.002246471820399165 
DLL 2024-10-02 21:42:05.016746 - (1, 4) train_items_per_sec : 935142.7325637967 items/s
DLL 2024-10-02 21:42:05.016795 - (1, 4) train_iter_time : 0.8212650040004519 
DLL 2024-10-02 21:42:05.017305 - (1, 5) glob_iter/iters_per_epoch : 11/6 
DLL 2024-10-02 21:42:05.253468 - (1, 5) train_loss : 0.002137521980330348 
DLL 2024-10-02 21:42:05.839601 - (1, 5) train_items_per_sec : 933968.7055977706 items/s
DLL 2024-10-02 21:42:05.839683 - (1, 5) train_iter_time : 0.8222973589981848 
DLL 2024-10-02 21:42:05.883020 - (1,) train_items_per_sec : 932260.5845310007 items/s
DLL 2024-10-02 21:42:05.883115 - (1,) train_loss : 0.002137521980330348 
DLL 2024-10-02 21:42:05.883135 - (1,) train_epoch_time : 5.220856134001224 
DLL 2024-10-02 21:42:06.210915 - (1, 12, 0) val_items_per_sec : 3270563.483673607 items/s
DLL 2024-10-02 21:42:06.242584 - (1, 12, 1) val_items_per_sec : 1070029.805962088 items/s
DLL 2024-10-02 21:42:06.270531 - (1,) val_loss : 0.0013205067662056535 None
DLL 2024-10-02 21:42:06.270585 - (1,) val_items_per_sec : 2170296.6448178478 items/s
DLL 2024-10-02 21:42:06.271761 - () run_time : 29.22102584499953 s
DLL 2024-10-02 21:42:06.271792 - () val_loss : 0.0013205067662056535 None
DLL 2024-10-02 21:42:06.271808 - () train_loss : 0.002137521980330348 
DLL 2024-10-02 21:42:06.271821 - () train_items_per_sec : 932260.5845310007 items/s
DLL 2024-10-02 21:42:06.271832 - () val_items_per_sec : 2170296.6448178478 items/s
DONE!
