DLL 2024-10-02 21:44:24.042244 - PARAMETER output : ./ 
DLL 2024-10-02 21:44:24.042295 - PARAMETER dataset_path : /data/tacotron2/LJSpeech-1.1 
DLL 2024-10-02 21:44:24.042311 - PARAMETER model_name : Tacotron2 
DLL 2024-10-02 21:44:24.042323 - PARAMETER log_file : nvlog.json 
DLL 2024-10-02 21:44:24.042332 - PARAMETER anneal_steps : None 
DLL 2024-10-02 21:44:24.042342 - PARAMETER anneal_factor : 0.1 
DLL 2024-10-02 21:44:24.042352 - PARAMETER config_file : None 
DLL 2024-10-02 21:44:24.042361 - PARAMETER seed : None 
DLL 2024-10-02 21:44:24.042370 - PARAMETER epochs : 3 
DLL 2024-10-02 21:44:24.042379 - PARAMETER epochs_per_checkpoint : 50 
DLL 2024-10-02 21:44:24.042388 - PARAMETER checkpoint_path :  
DLL 2024-10-02 21:44:24.042397 - PARAMETER resume_from_last : False 
DLL 2024-10-02 21:44:24.042406 - PARAMETER dynamic_loss_scaling : True 
DLL 2024-10-02 21:44:24.042416 - PARAMETER amp : False 
DLL 2024-10-02 21:44:24.042424 - PARAMETER cudnn_enabled : True 
DLL 2024-10-02 21:44:24.042432 - PARAMETER cudnn_benchmark : False 
DLL 2024-10-02 21:44:24.042441 - PARAMETER disable_uniform_initialize_bn_weight : False 
DLL 2024-10-02 21:44:24.042450 - PARAMETER use_saved_learning_rate : False 
DLL 2024-10-02 21:44:24.042458 - PARAMETER learning_rate : 0.0 
DLL 2024-10-02 21:44:24.042468 - PARAMETER weight_decay : 1e-06 
DLL 2024-10-02 21:44:24.042478 - PARAMETER grad_clip_thresh : 1.0 
DLL 2024-10-02 21:44:24.042487 - PARAMETER batch_size : 256 
DLL 2024-10-02 21:44:24.042496 - PARAMETER grad_clip : 5.0 
DLL 2024-10-02 21:44:24.042505 - PARAMETER load_mel_from_disk : False 
DLL 2024-10-02 21:44:24.042513 - PARAMETER training_files : filelists/ljs_audio_text_train_subset_625_filelist.txt 
DLL 2024-10-02 21:44:24.042542 - PARAMETER validation_files : filelists/ljs_audio_text_val_filelist.txt 
DLL 2024-10-02 21:44:24.042564 - PARAMETER text_cleaners : ['english_cleaners'] 
DLL 2024-10-02 21:44:24.042576 - PARAMETER max_wav_value : 32768.0 
DLL 2024-10-02 21:44:24.042585 - PARAMETER sampling_rate : 22050 
DLL 2024-10-02 21:44:24.042593 - PARAMETER filter_length : 1024 
DLL 2024-10-02 21:44:24.042602 - PARAMETER hop_length : 256 
DLL 2024-10-02 21:44:24.042610 - PARAMETER win_length : 1024 
DLL 2024-10-02 21:44:24.042618 - PARAMETER mel_fmin : 0.0 
DLL 2024-10-02 21:44:24.042627 - PARAMETER mel_fmax : 8000.0 
DLL 2024-10-02 21:44:24.042635 - PARAMETER rank : 0 
DLL 2024-10-02 21:44:24.042643 - PARAMETER world_size : 2 
DLL 2024-10-02 21:44:24.042652 - PARAMETER dist_url : tcp://localhost:23456 
DLL 2024-10-02 21:44:24.042660 - PARAMETER group_name : group_name 
DLL 2024-10-02 21:44:24.042668 - PARAMETER dist_backend : nccl 
DLL 2024-10-02 21:44:24.042676 - PARAMETER bench_class :  
DLL 2024-10-02 21:44:24.042685 - PARAMETER model_name : Tacotron2_PyT 
Initializing Distributed
Done initializing distributed
DLL 2024-10-02 21:44:32.198816 - (0, 0) glob_iter/iters_per_epoch : 0/1 
DLL 2024-10-02 21:44:33.968062 - (0, 0) train_loss : 46.47209930419922 
DLL 2024-10-02 21:44:35.254117 - (0, 0) train_items_per_sec : 94539.00430095386 items/s
DLL 2024-10-02 21:44:35.254201 - (0, 0) train_iter_time : 3.055363256000419 
DLL 2024-10-02 21:44:35.279327 - (0,) train_items_per_sec : 94539.00430095386 items/s
DLL 2024-10-02 21:44:35.279405 - (0,) train_loss : 46.47209930419922 
DLL 2024-10-02 21:44:35.279422 - (0,) train_epoch_time : 6.6770450200019695 
DLL 2024-10-02 21:44:36.442206 - (0, 1, 0) val_items_per_sec : 130941.96934606355 items/s
DLL 2024-10-02 21:44:36.474336 - (0,) val_loss : 45.796661376953125 None
DLL 2024-10-02 21:44:36.474393 - (0,) val_items_per_sec : 130941.96934606355 items/s
Saving model and optimizer state at epoch 0 to ./checkpoint_Tacotron2_0.pt
Updating symlink ./checkpoint_Tacotron2_last.pt to point to checkpoint_Tacotron2_0.pt
DLL 2024-10-02 21:44:40.892209 - (1, 0) glob_iter/iters_per_epoch : 1/1 
DLL 2024-10-02 21:44:41.465860 - (1, 0) train_loss : 46.80547332763672 
DLL 2024-10-02 21:44:42.567675 - (1, 0) train_items_per_sec : 173625.34802134425 items/s
DLL 2024-10-02 21:44:42.567765 - (1, 0) train_iter_time : 1.675515719998657 
DLL 2024-10-02 21:44:42.623347 - (1,) train_items_per_sec : 173625.34802134425 items/s
DLL 2024-10-02 21:44:42.623443 - (1,) train_loss : 46.80547332763672 
DLL 2024-10-02 21:44:42.623463 - (1,) train_epoch_time : 5.569749524001963 
DLL 2024-10-02 21:44:43.780390 - (1, 2, 0) val_items_per_sec : 133471.32449643954 items/s
DLL 2024-10-02 21:44:43.818742 - (1,) val_loss : 45.799354553222656 None
DLL 2024-10-02 21:44:43.818800 - (1,) val_items_per_sec : 133471.32449643954 items/s
DLL 2024-10-02 21:44:47.754356 - (2, 0) glob_iter/iters_per_epoch : 2/1 
DLL 2024-10-02 21:44:48.450722 - (2, 0) train_loss : 46.17752456665039 
DLL 2024-10-02 21:44:49.537000 - (2, 0) train_items_per_sec : 161109.78346933363 items/s
DLL 2024-10-02 21:44:49.537088 - (2, 0) train_iter_time : 1.7826974490017164 
DLL 2024-10-02 21:44:49.614700 - (2,) train_items_per_sec : 161109.78346933363 items/s
DLL 2024-10-02 21:44:49.614792 - (2,) train_loss : 46.17752456665039 
DLL 2024-10-02 21:44:49.614809 - (2,) train_epoch_time : 5.793904403999477 
DLL 2024-10-02 21:44:50.779567 - (2, 3, 0) val_items_per_sec : 141806.4005714567 items/s
DLL 2024-10-02 21:44:50.820108 - (2,) val_loss : 45.79944610595703 None
DLL 2024-10-02 21:44:50.820162 - (2,) val_items_per_sec : 141806.4005714567 items/s
DLL 2024-10-02 21:44:50.822034 - () run_time : 25.382701368002017 s
DLL 2024-10-02 21:44:50.822069 - () val_loss : 45.79944610595703 None
DLL 2024-10-02 21:44:50.822084 - () train_loss : 46.17752456665039 
DLL 2024-10-02 21:44:50.822096 - () train_items_per_sec : 161109.78346933363 items/s
DLL 2024-10-02 21:44:50.822107 - () val_items_per_sec : 141806.4005714567 items/s
DONE!
