DLL 2024-07-28 09:34:21.395439 - PARAMETER output : ./ 
DLL 2024-07-28 09:34:21.395498 - PARAMETER dataset_path : /data/tacotron2/LJSpeech-1.1 
DLL 2024-07-28 09:34:21.395517 - PARAMETER model_name : Tacotron2 
DLL 2024-07-28 09:34:21.395531 - PARAMETER log_file : nvlog.json 
DLL 2024-07-28 09:34:21.395544 - PARAMETER anneal_steps : None 
DLL 2024-07-28 09:34:21.395556 - PARAMETER anneal_factor : 0.1 
DLL 2024-07-28 09:34:21.395569 - PARAMETER config_file : None 
DLL 2024-07-28 09:34:21.395580 - PARAMETER seed : None 
DLL 2024-07-28 09:34:21.395591 - PARAMETER epochs : 2 
DLL 2024-07-28 09:34:21.395603 - PARAMETER epochs_per_checkpoint : 50 
DLL 2024-07-28 09:34:21.395614 - PARAMETER checkpoint_path :  
DLL 2024-07-28 09:34:21.395625 - PARAMETER resume_from_last : False 
DLL 2024-07-28 09:34:21.395637 - PARAMETER dynamic_loss_scaling : True 
DLL 2024-07-28 09:34:21.395649 - PARAMETER amp : False 
DLL 2024-07-28 09:34:21.395660 - PARAMETER cudnn_enabled : True 
DLL 2024-07-28 09:34:21.395670 - PARAMETER cudnn_benchmark : False 
DLL 2024-07-28 09:34:21.395680 - PARAMETER disable_uniform_initialize_bn_weight : False 
DLL 2024-07-28 09:34:21.395692 - PARAMETER use_saved_learning_rate : False 
DLL 2024-07-28 09:34:21.395706 - PARAMETER learning_rate : 0.0 
DLL 2024-07-28 09:34:21.395717 - PARAMETER weight_decay : 1e-06 
DLL 2024-07-28 09:34:21.395729 - PARAMETER grad_clip_thresh : 1.0 
DLL 2024-07-28 09:34:21.395740 - PARAMETER batch_size : 256 
DLL 2024-07-28 09:34:21.395751 - PARAMETER grad_clip : 5.0 
DLL 2024-07-28 09:34:21.395762 - PARAMETER load_mel_from_disk : False 
DLL 2024-07-28 09:34:21.395772 - PARAMETER training_files : filelists/ljs_audio_text_train_subset_625_filelist.txt 
DLL 2024-07-28 09:34:21.395784 - PARAMETER validation_files : filelists/ljs_audio_text_val_filelist.txt 
DLL 2024-07-28 09:34:21.395797 - PARAMETER text_cleaners : ['english_cleaners'] 
DLL 2024-07-28 09:34:21.395811 - PARAMETER max_wav_value : 32768.0 
DLL 2024-07-28 09:34:21.395822 - PARAMETER sampling_rate : 22050 
DLL 2024-07-28 09:34:21.395833 - PARAMETER filter_length : 1024 
DLL 2024-07-28 09:34:21.395844 - PARAMETER hop_length : 256 
DLL 2024-07-28 09:34:21.395854 - PARAMETER win_length : 1024 
DLL 2024-07-28 09:34:21.395865 - PARAMETER mel_fmin : 0.0 
DLL 2024-07-28 09:34:21.395876 - PARAMETER mel_fmax : 8000.0 
DLL 2024-07-28 09:34:21.395887 - PARAMETER rank : 0 
DLL 2024-07-28 09:34:21.395898 - PARAMETER world_size : 1 
DLL 2024-07-28 09:34:21.395909 - PARAMETER dist_url : tcp://localhost:23456 
DLL 2024-07-28 09:34:21.395919 - PARAMETER group_name : group_name 
DLL 2024-07-28 09:34:21.395930 - PARAMETER dist_backend : nccl 
DLL 2024-07-28 09:34:21.395941 - PARAMETER bench_class :  
DLL 2024-07-28 09:34:21.395952 - PARAMETER model_name : Tacotron2_PyT 
DLL 2024-07-28 09:34:30.730812 - (0, 0) glob_iter/iters_per_epoch : 0/2 
DLL 2024-07-28 09:34:32.665256 - (0, 0) train_loss : 47.55873489379883 
DLL 2024-07-28 09:34:33.996057 - (0, 0) train_items_per_sec : 45080.89389164527 items/s
DLL 2024-07-28 09:34:33.996143 - (0, 0) train_iter_time : 3.265307922993088 
DLL 2024-07-28 09:34:34.004102 - (0, 1) glob_iter/iters_per_epoch : 1/2 
DLL 2024-07-28 09:34:34.576998 - (0, 1) train_loss : 47.2531623840332 
DLL 2024-07-28 09:34:35.653019 - (0, 1) train_items_per_sec : 88119.04395548353 items/s
DLL 2024-07-28 09:34:35.653108 - (0, 1) train_iter_time : 1.6489171180000994 
DLL 2024-07-28 09:34:35.683251 - (0,) train_items_per_sec : 66599.9689235644 items/s
DLL 2024-07-28 09:34:35.683312 - (0,) train_loss : 47.2531623840332 
DLL 2024-07-28 09:34:35.683339 - (0,) train_epoch_time : 10.100529951989301 
DLL 2024-07-28 09:34:38.250570 - (0, 2, 0) val_items_per_sec : 112932.02687641107 items/s
DLL 2024-07-28 09:34:38.288875 - (0,) val_loss : 45.38137435913086 None
DLL 2024-07-28 09:34:38.288921 - (0,) val_items_per_sec : 112932.02687641107 items/s
Saving model and optimizer state at epoch 0 to ./checkpoint_Tacotron2_0.pt
Updating symlink ./checkpoint_Tacotron2_last.pt to point to checkpoint_Tacotron2_0.pt
DLL 2024-07-28 09:34:44.083594 - (1, 0) glob_iter/iters_per_epoch : 2/2 
DLL 2024-07-28 09:34:44.738952 - (1, 0) train_loss : 46.22129821777344 
DLL 2024-07-28 09:34:45.825476 - (1, 0) train_items_per_sec : 82337.1956377234 items/s
DLL 2024-07-28 09:34:45.825607 - (1, 0) train_iter_time : 1.7419223339966265 
DLL 2024-07-28 09:34:45.833124 - (1, 1) glob_iter/iters_per_epoch : 3/2 
DLL 2024-07-28 09:34:46.398588 - (1, 1) train_loss : 46.76791000366211 
DLL 2024-07-28 09:34:47.485328 - (1, 1) train_items_per_sec : 87247.38049813743 items/s
DLL 2024-07-28 09:34:47.485389 - (1, 1) train_iter_time : 1.6522329859872116 
DLL 2024-07-28 09:34:47.552106 - (1,) train_items_per_sec : 84792.2880679304 items/s
DLL 2024-07-28 09:34:47.552168 - (1,) train_loss : 46.76791000366211 
DLL 2024-07-28 09:34:47.552191 - (1,) train_epoch_time : 8.793081605996122 
DLL 2024-07-28 09:34:50.058403 - (1, 4, 0) val_items_per_sec : 117342.43321169126 items/s
DLL 2024-07-28 09:34:50.088553 - (1,) val_loss : 45.3777961730957 None
DLL 2024-07-28 09:34:50.088601 - (1,) val_items_per_sec : 117342.43321169126 items/s
DLL 2024-07-28 09:34:50.092296 - () run_time : 25.8771765660058 s
DLL 2024-07-28 09:34:50.092348 - () val_loss : 45.3777961730957 None
DLL 2024-07-28 09:34:50.092368 - () train_loss : 46.76791000366211 
DLL 2024-07-28 09:34:50.092384 - () train_items_per_sec : 84792.2880679304 items/s
DLL 2024-07-28 09:34:50.092398 - () val_items_per_sec : 117342.43321169126 items/s
DONE!
