DLL 2024-07-28 11:04:56.065060 - PARAMETER output : ./ 
DLL 2024-07-28 11:04:56.065130 - PARAMETER dataset_path : /data/tacotron2/LJSpeech-1.1 
DLL 2024-07-28 11:04:56.065151 - PARAMETER model_name : Tacotron2 
DLL 2024-07-28 11:04:56.065166 - PARAMETER log_file : nvlog.json 
DLL 2024-07-28 11:04:56.065179 - PARAMETER anneal_steps : None 
DLL 2024-07-28 11:04:56.065192 - PARAMETER anneal_factor : 0.1 
DLL 2024-07-28 11:04:56.065205 - PARAMETER config_file : None 
DLL 2024-07-28 11:04:56.065217 - PARAMETER seed : None 
DLL 2024-07-28 11:04:56.065228 - PARAMETER epochs : 3 
DLL 2024-07-28 11:04:56.065239 - PARAMETER epochs_per_checkpoint : 50 
DLL 2024-07-28 11:04:56.065251 - PARAMETER checkpoint_path :  
DLL 2024-07-28 11:04:56.065263 - PARAMETER resume_from_last : False 
DLL 2024-07-28 11:04:56.065275 - PARAMETER dynamic_loss_scaling : True 
DLL 2024-07-28 11:04:56.065287 - PARAMETER amp : False 
DLL 2024-07-28 11:04:56.065299 - PARAMETER cudnn_enabled : True 
DLL 2024-07-28 11:04:56.065310 - PARAMETER cudnn_benchmark : False 
DLL 2024-07-28 11:04:56.065321 - PARAMETER disable_uniform_initialize_bn_weight : False 
DLL 2024-07-28 11:04:56.065333 - PARAMETER use_saved_learning_rate : False 
DLL 2024-07-28 11:04:56.065344 - PARAMETER learning_rate : 0.0 
DLL 2024-07-28 11:04:56.065355 - PARAMETER weight_decay : 1e-06 
DLL 2024-07-28 11:04:56.065367 - PARAMETER grad_clip_thresh : 1.0 
DLL 2024-07-28 11:04:56.065378 - PARAMETER batch_size : 256 
DLL 2024-07-28 11:04:56.065389 - PARAMETER grad_clip : 5.0 
DLL 2024-07-28 11:04:56.065400 - PARAMETER load_mel_from_disk : False 
DLL 2024-07-28 11:04:56.065411 - PARAMETER training_files : filelists/ljs_audio_text_train_subset_2500_filelist.txt 
DLL 2024-07-28 11:04:56.065422 - PARAMETER validation_files : filelists/ljs_audio_text_val_filelist.txt 
DLL 2024-07-28 11:04:56.065434 - PARAMETER text_cleaners : ['english_cleaners'] 
DLL 2024-07-28 11:04:56.065449 - PARAMETER max_wav_value : 32768.0 
DLL 2024-07-28 11:04:56.065460 - PARAMETER sampling_rate : 22050 
DLL 2024-07-28 11:04:56.065471 - PARAMETER filter_length : 1024 
DLL 2024-07-28 11:04:56.065484 - PARAMETER hop_length : 256 
DLL 2024-07-28 11:04:56.065494 - PARAMETER win_length : 1024 
DLL 2024-07-28 11:04:56.065505 - PARAMETER mel_fmin : 0.0 
DLL 2024-07-28 11:04:56.065516 - PARAMETER mel_fmax : 8000.0 
DLL 2024-07-28 11:04:56.065527 - PARAMETER rank : 0 
DLL 2024-07-28 11:04:56.065539 - PARAMETER world_size : 8 
DLL 2024-07-28 11:04:56.065550 - PARAMETER dist_url : tcp://localhost:23456 
DLL 2024-07-28 11:04:56.065560 - PARAMETER group_name : group_name 
DLL 2024-07-28 11:04:56.065570 - PARAMETER dist_backend : nccl 
DLL 2024-07-28 11:04:56.065598 - PARAMETER bench_class :  
DLL 2024-07-28 11:04:56.065612 - PARAMETER model_name : Tacotron2_PyT 
Initializing Distributed
Done initializing distributed
DLL 2024-07-28 11:05:23.191228 - (0, 0) glob_iter/iters_per_epoch : 0/1 
DLL 2024-07-28 11:05:27.525129 - (0, 0) train_loss : 46.7423210144043 
DLL 2024-07-28 11:05:28.928565 - (0, 0) train_items_per_sec : 201965.53493348128 items/s
DLL 2024-07-28 11:05:28.928659 - (0, 0) train_iter_time : 5.737424458988244 
DLL 2024-07-28 11:05:28.964005 - (0,) train_items_per_sec : 201965.53493348128 items/s
DLL 2024-07-28 11:05:28.964114 - (0,) train_loss : 46.7423210144043 
DLL 2024-07-28 11:05:28.964140 - (0,) train_epoch_time : 11.054346454999177 
DLL 2024-07-28 11:05:29.829543 - (0, 1, 0) val_items_per_sec : 96483.6121928573 items/s
DLL 2024-07-28 11:05:29.866779 - (0,) val_loss : 48.07736587524414 None
DLL 2024-07-28 11:05:29.866856 - (0,) val_items_per_sec : 96483.6121928573 items/s
Saving model and optimizer state at epoch 0 to ./checkpoint_Tacotron2_0.pt
Updating symlink ./checkpoint_Tacotron2_last.pt to point to checkpoint_Tacotron2_0.pt
DLL 2024-07-28 11:05:36.162548 - (1, 0) glob_iter/iters_per_epoch : 1/1 
DLL 2024-07-28 11:05:36.948864 - (1, 0) train_loss : 46.44961929321289 
DLL 2024-07-28 11:05:38.222423 - (1, 0) train_items_per_sec : 558243.5966432766 items/s
DLL 2024-07-28 11:05:38.222555 - (1, 0) train_iter_time : 2.0599573500076076 
DLL 2024-07-28 11:05:38.326653 - (1,) train_items_per_sec : 558243.5966432766 items/s
DLL 2024-07-28 11:05:38.326773 - (1,) train_loss : 46.44961929321289 
DLL 2024-07-28 11:05:38.326797 - (1,) train_epoch_time : 7.913197838992346 
DLL 2024-07-28 11:05:39.194894 - (1, 2, 0) val_items_per_sec : 97747.25808743881 items/s
DLL 2024-07-28 11:05:39.239845 - (1,) val_loss : 48.080596923828125 None
DLL 2024-07-28 11:05:39.239919 - (1,) val_items_per_sec : 97747.25808743881 items/s
DLL 2024-07-28 11:05:44.868509 - (2, 0) glob_iter/iters_per_epoch : 2/1 
DLL 2024-07-28 11:05:45.802493 - (2, 0) train_loss : 46.8079833984375 
DLL 2024-07-28 11:05:46.982439 - (2, 0) train_items_per_sec : 548708.423666549 items/s
DLL 2024-07-28 11:05:46.982535 - (2, 0) train_iter_time : 2.113980668000295 
DLL 2024-07-28 11:05:47.084937 - (2,) train_items_per_sec : 548708.423666549 items/s
DLL 2024-07-28 11:05:47.085064 - (2,) train_loss : 46.8079833984375 
DLL 2024-07-28 11:05:47.085090 - (2,) train_epoch_time : 7.843560484005138 
DLL 2024-07-28 11:05:47.960807 - (2, 3, 0) val_items_per_sec : 105609.07686460794 items/s
DLL 2024-07-28 11:05:48.019429 - (2,) val_loss : 48.08362579345703 None
DLL 2024-07-28 11:05:48.019503 - (2,) val_items_per_sec : 105609.07686460794 items/s
DLL 2024-07-28 11:05:48.020887 - () run_time : 45.237354839002364 s
DLL 2024-07-28 11:05:48.020926 - () val_loss : 48.08362579345703 None
DLL 2024-07-28 11:05:48.020943 - () train_loss : 46.8079833984375 
DLL 2024-07-28 11:05:48.020961 - () train_items_per_sec : 548708.423666549 items/s
DLL 2024-07-28 11:05:48.020976 - () val_items_per_sec : 105609.07686460794 items/s
DONE!
