DLL 2024-07-28 09:44:12.799482 - PARAMETER output : ./ 
DLL 2024-07-28 09:44:12.799540 - PARAMETER dataset_path : /data/tacotron2/LJSpeech-1.1 
DLL 2024-07-28 09:44:12.799560 - PARAMETER model_name : Tacotron2 
DLL 2024-07-28 09:44:12.799574 - PARAMETER log_file : nvlog.json 
DLL 2024-07-28 09:44:12.799585 - PARAMETER anneal_steps : None 
DLL 2024-07-28 09:44:12.799598 - PARAMETER anneal_factor : 0.1 
DLL 2024-07-28 09:44:12.799610 - PARAMETER config_file : None 
DLL 2024-07-28 09:44:12.799621 - PARAMETER seed : None 
DLL 2024-07-28 09:44:12.799632 - PARAMETER epochs : 3 
DLL 2024-07-28 09:44:12.799644 - PARAMETER epochs_per_checkpoint : 50 
DLL 2024-07-28 09:44:12.799655 - PARAMETER checkpoint_path :  
DLL 2024-07-28 09:44:12.799666 - PARAMETER resume_from_last : False 
DLL 2024-07-28 09:44:12.799678 - PARAMETER dynamic_loss_scaling : True 
DLL 2024-07-28 09:44:12.799690 - PARAMETER amp : False 
DLL 2024-07-28 09:44:12.799701 - PARAMETER cudnn_enabled : True 
DLL 2024-07-28 09:44:12.799711 - PARAMETER cudnn_benchmark : False 
DLL 2024-07-28 09:44:12.799721 - PARAMETER disable_uniform_initialize_bn_weight : False 
DLL 2024-07-28 09:44:12.799732 - PARAMETER use_saved_learning_rate : False 
DLL 2024-07-28 09:44:12.799743 - PARAMETER learning_rate : 0.0 
DLL 2024-07-28 09:44:12.799754 - PARAMETER weight_decay : 1e-06 
DLL 2024-07-28 09:44:12.799765 - PARAMETER grad_clip_thresh : 1.0 
DLL 2024-07-28 09:44:12.799776 - PARAMETER batch_size : 256 
DLL 2024-07-28 09:44:12.799787 - PARAMETER grad_clip : 5.0 
DLL 2024-07-28 09:44:12.799801 - PARAMETER load_mel_from_disk : False 
DLL 2024-07-28 09:44:12.799812 - PARAMETER training_files : filelists/ljs_audio_text_train_subset_625_filelist.txt 
DLL 2024-07-28 09:44:12.799823 - PARAMETER validation_files : filelists/ljs_audio_text_val_filelist.txt 
DLL 2024-07-28 09:44:12.799834 - PARAMETER text_cleaners : ['english_cleaners'] 
DLL 2024-07-28 09:44:12.799849 - PARAMETER max_wav_value : 32768.0 
DLL 2024-07-28 09:44:12.799860 - PARAMETER sampling_rate : 22050 
DLL 2024-07-28 09:44:12.799870 - PARAMETER filter_length : 1024 
DLL 2024-07-28 09:44:12.799880 - PARAMETER hop_length : 256 
DLL 2024-07-28 09:44:12.799891 - PARAMETER win_length : 1024 
DLL 2024-07-28 09:44:12.799901 - PARAMETER mel_fmin : 0.0 
DLL 2024-07-28 09:44:12.799912 - PARAMETER mel_fmax : 8000.0 
DLL 2024-07-28 09:44:12.799923 - PARAMETER rank : 0 
DLL 2024-07-28 09:44:12.799934 - PARAMETER world_size : 1 
DLL 2024-07-28 09:44:12.799944 - PARAMETER dist_url : tcp://localhost:23456 
DLL 2024-07-28 09:44:12.799955 - PARAMETER group_name : group_name 
DLL 2024-07-28 09:44:12.799966 - PARAMETER dist_backend : nccl 
DLL 2024-07-28 09:44:12.799977 - PARAMETER bench_class :  
DLL 2024-07-28 09:44:12.799988 - PARAMETER model_name : Tacotron2_PyT 
DLL 2024-07-28 09:44:22.081437 - (0, 0) glob_iter/iters_per_epoch : 0/2 
DLL 2024-07-28 09:44:24.174076 - (0, 0) train_loss : 46.944000244140625 
DLL 2024-07-28 09:44:25.517338 - (0, 0) train_items_per_sec : 42138.69660472389 items/s
DLL 2024-07-28 09:44:25.517442 - (0, 0) train_iter_time : 3.4359629429964116 
DLL 2024-07-28 09:44:25.532304 - (0, 1) glob_iter/iters_per_epoch : 1/2 
DLL 2024-07-28 09:44:26.168631 - (0, 1) train_loss : 46.80485153198242 
DLL 2024-07-28 09:44:27.259626 - (0, 1) train_items_per_sec : 83404.3601356195 items/s
DLL 2024-07-28 09:44:27.259806 - (0, 1) train_iter_time : 1.7273197680042358 
DLL 2024-07-28 09:44:27.287036 - (0,) train_items_per_sec : 62771.5283701717 items/s
DLL 2024-07-28 09:44:27.287105 - (0,) train_loss : 46.80485153198242 
DLL 2024-07-28 09:44:27.287135 - (0,) train_epoch_time : 10.296588115001214 
DLL 2024-07-28 09:44:29.865930 - (0, 2, 0) val_items_per_sec : 112305.88329925817 items/s
DLL 2024-07-28 09:44:29.915482 - (0,) val_loss : 45.593387603759766 None
DLL 2024-07-28 09:44:29.915545 - (0,) val_items_per_sec : 112305.88329925817 items/s
Saving model and optimizer state at epoch 0 to ./checkpoint_Tacotron2_0.pt
Updating symlink ./checkpoint_Tacotron2_last.pt to point to checkpoint_Tacotron2_0.pt
DLL 2024-07-28 09:44:35.828717 - (1, 0) glob_iter/iters_per_epoch : 2/2 
DLL 2024-07-28 09:44:36.490956 - (1, 0) train_loss : 46.91965103149414 
DLL 2024-07-28 09:44:37.583743 - (1, 0) train_items_per_sec : 81857.4255171173 items/s
DLL 2024-07-28 09:44:37.583823 - (1, 0) train_iter_time : 1.7550759639998432 
DLL 2024-07-28 09:44:37.591401 - (1, 1) glob_iter/iters_per_epoch : 3/2 
DLL 2024-07-28 09:44:38.194944 - (1, 1) train_loss : 46.403377532958984 
DLL 2024-07-28 09:44:39.303882 - (1, 1) train_items_per_sec : 83798.53280548479 items/s
DLL 2024-07-28 09:44:39.303971 - (1, 1) train_iter_time : 1.7125001500098733 
DLL 2024-07-28 09:44:39.383578 - (1,) train_items_per_sec : 82827.97916130105 items/s
DLL 2024-07-28 09:44:39.383652 - (1,) train_loss : 46.403377532958984 
DLL 2024-07-28 09:44:39.383674 - (1,) train_epoch_time : 8.98412737500621 
DLL 2024-07-28 09:44:41.901030 - (1, 4, 0) val_items_per_sec : 113520.57399781066 items/s
DLL 2024-07-28 09:44:41.949251 - (1,) val_loss : 45.593345642089844 None
DLL 2024-07-28 09:44:41.949303 - (1,) val_items_per_sec : 113520.57399781066 items/s
DLL 2024-07-28 09:44:47.221797 - (2, 0) glob_iter/iters_per_epoch : 4/2 
DLL 2024-07-28 09:44:48.013463 - (2, 0) train_loss : 45.97583770751953 
DLL 2024-07-28 09:44:49.142507 - (2, 0) train_items_per_sec : 74048.41798276958 items/s
DLL 2024-07-28 09:44:49.142609 - (2, 0) train_iter_time : 1.9207567679986823 
DLL 2024-07-28 09:44:49.154023 - (2, 1) glob_iter/iters_per_epoch : 5/2 
DLL 2024-07-28 09:44:49.715539 - (2, 1) train_loss : 47.110477447509766 
DLL 2024-07-28 09:44:50.821860 - (2, 1) train_items_per_sec : 87182.53208152067 items/s
DLL 2024-07-28 09:44:50.821966 - (2, 1) train_iter_time : 1.6678455709916307 
DLL 2024-07-28 09:44:50.893572 - (2,) train_items_per_sec : 80615.47503214513 items/s
DLL 2024-07-28 09:44:50.893640 - (2,) train_loss : 47.110477447509766 
DLL 2024-07-28 09:44:50.893672 - (2,) train_epoch_time : 8.94008994899923 
DLL 2024-07-28 09:44:53.436966 - (2, 6, 0) val_items_per_sec : 113791.77123313244 items/s
DLL 2024-07-28 09:44:53.486759 - (2,) val_loss : 45.59403991699219 None
DLL 2024-07-28 09:44:53.486809 - (2,) val_items_per_sec : 113791.77123313244 items/s
DLL 2024-07-28 09:44:53.491198 - () run_time : 37.865795447010896 s
DLL 2024-07-28 09:44:53.491246 - () val_loss : 45.59403991699219 None
DLL 2024-07-28 09:44:53.491268 - () train_loss : 47.110477447509766 
DLL 2024-07-28 09:44:53.491284 - () train_items_per_sec : 80615.47503214513 items/s
DLL 2024-07-28 09:44:53.491299 - () val_items_per_sec : 113791.77123313244 items/s
DONE!
