DLL 2024-07-28 10:51:12.288909 - PARAMETER output : ./ 
DLL 2024-07-28 10:51:12.288969 - PARAMETER dataset_path : /data/tacotron2/LJSpeech-1.1 
DLL 2024-07-28 10:51:12.288988 - PARAMETER model_name : Tacotron2 
DLL 2024-07-28 10:51:12.289002 - PARAMETER log_file : nvlog.json 
DLL 2024-07-28 10:51:12.289013 - PARAMETER anneal_steps : None 
DLL 2024-07-28 10:51:12.289026 - PARAMETER anneal_factor : 0.1 
DLL 2024-07-28 10:51:12.289040 - PARAMETER config_file : None 
DLL 2024-07-28 10:51:12.289051 - PARAMETER seed : None 
DLL 2024-07-28 10:51:12.289062 - PARAMETER epochs : 2 
DLL 2024-07-28 10:51:12.289074 - PARAMETER epochs_per_checkpoint : 50 
DLL 2024-07-28 10:51:12.289085 - PARAMETER checkpoint_path :  
DLL 2024-07-28 10:51:12.289096 - PARAMETER resume_from_last : False 
DLL 2024-07-28 10:51:12.289109 - PARAMETER dynamic_loss_scaling : True 
DLL 2024-07-28 10:51:12.289121 - PARAMETER amp : False 
DLL 2024-07-28 10:51:12.289132 - PARAMETER cudnn_enabled : True 
DLL 2024-07-28 10:51:12.289143 - PARAMETER cudnn_benchmark : False 
DLL 2024-07-28 10:51:12.289154 - PARAMETER disable_uniform_initialize_bn_weight : False 
DLL 2024-07-28 10:51:12.289166 - PARAMETER use_saved_learning_rate : False 
DLL 2024-07-28 10:51:12.289177 - PARAMETER learning_rate : 0.0 
DLL 2024-07-28 10:51:12.289188 - PARAMETER weight_decay : 1e-06 
DLL 2024-07-28 10:51:12.289200 - PARAMETER grad_clip_thresh : 1.0 
DLL 2024-07-28 10:51:12.289226 - PARAMETER batch_size : 256 
DLL 2024-07-28 10:51:12.289239 - PARAMETER grad_clip : 5.0 
DLL 2024-07-28 10:51:12.289250 - PARAMETER load_mel_from_disk : False 
DLL 2024-07-28 10:51:12.289261 - PARAMETER training_files : filelists/ljs_audio_text_train_subset_2500_filelist.txt 
DLL 2024-07-28 10:51:12.289272 - PARAMETER validation_files : filelists/ljs_audio_text_val_filelist.txt 
DLL 2024-07-28 10:51:12.289283 - PARAMETER text_cleaners : ['english_cleaners'] 
DLL 2024-07-28 10:51:12.289299 - PARAMETER max_wav_value : 32768.0 
DLL 2024-07-28 10:51:12.289311 - PARAMETER sampling_rate : 22050 
DLL 2024-07-28 10:51:12.289322 - PARAMETER filter_length : 1024 
DLL 2024-07-28 10:51:12.289332 - PARAMETER hop_length : 256 
DLL 2024-07-28 10:51:12.289343 - PARAMETER win_length : 1024 
DLL 2024-07-28 10:51:12.289354 - PARAMETER mel_fmin : 0.0 
DLL 2024-07-28 10:51:12.289365 - PARAMETER mel_fmax : 8000.0 
DLL 2024-07-28 10:51:12.289376 - PARAMETER rank : 0 
DLL 2024-07-28 10:51:12.289386 - PARAMETER world_size : 8 
DLL 2024-07-28 10:51:12.289397 - PARAMETER dist_url : tcp://localhost:23456 
DLL 2024-07-28 10:51:12.289408 - PARAMETER group_name : group_name 
DLL 2024-07-28 10:51:12.289418 - PARAMETER dist_backend : nccl 
DLL 2024-07-28 10:51:12.289429 - PARAMETER bench_class :  
DLL 2024-07-28 10:51:12.289440 - PARAMETER model_name : Tacotron2_PyT 
Initializing Distributed
Done initializing distributed
DLL 2024-07-28 10:51:39.464651 - (0, 0) glob_iter/iters_per_epoch : 0/1 
DLL 2024-07-28 10:51:44.042565 - (0, 0) train_loss : 46.49738693237305 
DLL 2024-07-28 10:51:45.452645 - (0, 0) train_items_per_sec : 193511.24366600605 items/s
DLL 2024-07-28 10:51:45.452781 - (0, 0) train_iter_time : 5.9880861599958735 
DLL 2024-07-28 10:51:45.489619 - (0,) train_items_per_sec : 193511.24366600605 items/s
DLL 2024-07-28 10:51:45.489711 - (0,) train_loss : 46.49738693237305 
DLL 2024-07-28 10:51:45.489733 - (0,) train_epoch_time : 11.406569163998938 
DLL 2024-07-28 10:51:46.351400 - (0, 1, 0) val_items_per_sec : 98884.97401405087 items/s
DLL 2024-07-28 10:51:46.386134 - (0,) val_loss : 48.043758392333984 None
DLL 2024-07-28 10:51:46.386196 - (0,) val_items_per_sec : 98884.97401405087 items/s
Saving model and optimizer state at epoch 0 to ./checkpoint_Tacotron2_0.pt
Updating symlink ./checkpoint_Tacotron2_last.pt to point to checkpoint_Tacotron2_0.pt
DLL 2024-07-28 10:51:52.863043 - (1, 0) glob_iter/iters_per_epoch : 1/1 
DLL 2024-07-28 10:51:53.834032 - (1, 0) train_loss : 46.20392608642578 
DLL 2024-07-28 10:51:55.096463 - (1, 0) train_items_per_sec : 514872.2834323751 items/s
DLL 2024-07-28 10:51:55.096579 - (1, 0) train_iter_time : 2.2334820440009935 
DLL 2024-07-28 10:51:55.191956 - (1,) train_items_per_sec : 514872.2834323751 items/s
DLL 2024-07-28 10:51:55.192078 - (1,) train_loss : 46.20392608642578 
DLL 2024-07-28 10:51:55.192104 - (1,) train_epoch_time : 8.172339602999273 
DLL 2024-07-28 10:51:56.084895 - (1, 2, 0) val_items_per_sec : 96276.16213314763 items/s
DLL 2024-07-28 10:51:56.132685 - (1,) val_loss : 48.03594970703125 None
DLL 2024-07-28 10:51:56.132788 - (1,) val_items_per_sec : 96276.16213314763 items/s
DLL 2024-07-28 10:51:56.134105 - () run_time : 36.84622156199475 s
DLL 2024-07-28 10:51:56.134145 - () val_loss : 48.03594970703125 None
DLL 2024-07-28 10:51:56.134164 - () train_loss : 46.20392608642578 
DLL 2024-07-28 10:51:56.134179 - () train_items_per_sec : 514872.2834323751 items/s
DLL 2024-07-28 10:51:56.134193 - () val_items_per_sec : 96276.16213314763 items/s
DONE!
