DLL 2024-05-02 04:53:35.544788 - PARAMETER output : ./ 
DLL 2024-05-02 04:53:35.544849 - PARAMETER dataset_path : /data/tacotron2/LJSpeech-1.1 
DLL 2024-05-02 04:53:35.544865 - PARAMETER model_name : Tacotron2 
DLL 2024-05-02 04:53:35.544876 - PARAMETER log_file : nvlog.json 
DLL 2024-05-02 04:53:35.544886 - PARAMETER anneal_steps : None 
DLL 2024-05-02 04:53:35.544897 - PARAMETER anneal_factor : 0.1 
DLL 2024-05-02 04:53:35.544907 - PARAMETER config_file : None 
DLL 2024-05-02 04:53:35.544917 - PARAMETER seed : None 
DLL 2024-05-02 04:53:35.544926 - PARAMETER epochs : 2 
DLL 2024-05-02 04:53:35.544935 - PARAMETER epochs_per_checkpoint : 50 
DLL 2024-05-02 04:53:35.544944 - PARAMETER checkpoint_path :  
DLL 2024-05-02 04:53:35.544952 - PARAMETER resume_from_last : False 
DLL 2024-05-02 04:53:35.544962 - PARAMETER dynamic_loss_scaling : True 
DLL 2024-05-02 04:53:35.544971 - PARAMETER amp : False 
DLL 2024-05-02 04:53:35.544980 - PARAMETER cudnn_enabled : True 
DLL 2024-05-02 04:53:35.544988 - PARAMETER cudnn_benchmark : False 
DLL 2024-05-02 04:53:35.544996 - PARAMETER disable_uniform_initialize_bn_weight : False 
DLL 2024-05-02 04:53:35.545006 - PARAMETER use_saved_learning_rate : False 
DLL 2024-05-02 04:53:35.545014 - PARAMETER learning_rate : 0.0 
DLL 2024-05-02 04:53:35.545024 - PARAMETER weight_decay : 1e-06 
DLL 2024-05-02 04:53:35.545034 - PARAMETER grad_clip_thresh : 1.0 
DLL 2024-05-02 04:53:35.545042 - PARAMETER batch_size : 256 
DLL 2024-05-02 04:53:35.545051 - PARAMETER grad_clip : 5.0 
DLL 2024-05-02 04:53:35.545059 - PARAMETER load_mel_from_disk : False 
DLL 2024-05-02 04:53:35.545068 - PARAMETER training_files : filelists/ljs_audio_text_train_subset_1250_filelist.txt 
DLL 2024-05-02 04:53:35.545077 - PARAMETER validation_files : filelists/ljs_audio_text_val_filelist.txt 
DLL 2024-05-02 04:53:35.545086 - PARAMETER text_cleaners : ['english_cleaners'] 
DLL 2024-05-02 04:53:35.545100 - PARAMETER max_wav_value : 32768.0 
DLL 2024-05-02 04:53:35.545109 - PARAMETER sampling_rate : 22050 
DLL 2024-05-02 04:53:35.545117 - PARAMETER filter_length : 1024 
DLL 2024-05-02 04:53:35.545125 - PARAMETER hop_length : 256 
DLL 2024-05-02 04:53:35.545133 - PARAMETER win_length : 1024 
DLL 2024-05-02 04:53:35.545141 - PARAMETER mel_fmin : 0.0 
DLL 2024-05-02 04:53:35.545150 - PARAMETER mel_fmax : 8000.0 
DLL 2024-05-02 04:53:35.545158 - PARAMETER rank : 0 
DLL 2024-05-02 04:53:35.545166 - PARAMETER world_size : 4 
DLL 2024-05-02 04:53:35.545175 - PARAMETER dist_url : tcp://localhost:23456 
DLL 2024-05-02 04:53:35.545183 - PARAMETER group_name : group_name 
DLL 2024-05-02 04:53:35.545191 - PARAMETER dist_backend : nccl 
DLL 2024-05-02 04:53:35.545200 - PARAMETER bench_class :  
DLL 2024-05-02 04:53:35.545208 - PARAMETER model_name : Tacotron2_PyT 
Initializing Distributed
Done initializing distributed
DLL 2024-05-02 04:53:52.346421 - (0, 0) glob_iter/iters_per_epoch : 0/1 
DLL 2024-05-02 04:53:56.158754 - (0, 0) train_loss : 46.882301330566406 
DLL 2024-05-02 04:53:57.476931 - (0, 0) train_items_per_sec : 113462.21487325354 items/s
DLL 2024-05-02 04:53:57.477009 - (0, 0) train_iter_time : 5.1305626340035815 
DLL 2024-05-02 04:53:57.507402 - (0,) train_items_per_sec : 113462.21487325354 items/s
DLL 2024-05-02 04:53:57.507480 - (0,) train_loss : 46.882301330566406 
DLL 2024-05-02 04:53:57.507501 - (0,) train_epoch_time : 8.973256316006882 
DLL 2024-05-02 04:53:58.323230 - (0, 1, 0) val_items_per_sec : 133135.01282048362 items/s
DLL 2024-05-02 04:53:58.371336 - (0,) val_loss : 47.14203643798828 None
DLL 2024-05-02 04:53:58.371390 - (0,) val_items_per_sec : 133135.01282048362 items/s
Saving model and optimizer state at epoch 0 to ./checkpoint_Tacotron2_0.pt
Updating symlink ./checkpoint_Tacotron2_last.pt to point to checkpoint_Tacotron2_0.pt
DLL 2024-05-02 04:54:02.904806 - (1, 0) glob_iter/iters_per_epoch : 1/1 
DLL 2024-05-02 04:54:03.619983 - (1, 0) train_loss : 46.46984100341797 
DLL 2024-05-02 04:54:04.762108 - (1, 0) train_items_per_sec : 311017.521350793 items/s
DLL 2024-05-02 04:54:04.762194 - (1, 0) train_iter_time : 1.857342304996564 
DLL 2024-05-02 04:54:04.831965 - (1,) train_items_per_sec : 311017.521350793 items/s
DLL 2024-05-02 04:54:04.832054 - (1,) train_loss : 46.46984100341797 
DLL 2024-05-02 04:54:04.832075 - (1,) train_epoch_time : 5.954453364000074 
DLL 2024-05-02 04:54:05.704482 - (1, 2, 0) val_items_per_sec : 122890.8990643377 items/s
DLL 2024-05-02 04:54:05.753968 - (1,) val_loss : 47.15483093261719 None
DLL 2024-05-02 04:54:05.754029 - (1,) val_items_per_sec : 122890.8990643377 items/s
DLL 2024-05-02 04:54:05.755623 - () run_time : 24.68544675600424 s
DLL 2024-05-02 04:54:05.755657 - () val_loss : 47.15483093261719 None
DLL 2024-05-02 04:54:05.755672 - () train_loss : 46.46984100341797 
DLL 2024-05-02 04:54:05.755686 - () train_items_per_sec : 311017.521350793 items/s
DLL 2024-05-02 04:54:05.755698 - () val_items_per_sec : 122890.8990643377 items/s
DONE!
