DLL 2024-09-29 06:50:05.842360 - PARAMETER output : ./ 
DLL 2024-09-29 06:50:05.842416 - PARAMETER dataset_path : /data/tacotron2/LJSpeech-1.1 
DLL 2024-09-29 06:50:05.842435 - PARAMETER model_name : Tacotron2 
DLL 2024-09-29 06:50:05.842449 - PARAMETER log_file : nvlog.json 
DLL 2024-09-29 06:50:05.842460 - PARAMETER anneal_steps : None 
DLL 2024-09-29 06:50:05.842472 - PARAMETER anneal_factor : 0.1 
DLL 2024-09-29 06:50:05.842484 - PARAMETER config_file : None 
DLL 2024-09-29 06:50:05.842495 - PARAMETER seed : None 
DLL 2024-09-29 06:50:05.842506 - PARAMETER epochs : 2 
DLL 2024-09-29 06:50:05.842518 - PARAMETER epochs_per_checkpoint : 50 
DLL 2024-09-29 06:50:05.842529 - PARAMETER checkpoint_path :  
DLL 2024-09-29 06:50:05.842539 - PARAMETER resume_from_last : False 
DLL 2024-09-29 06:50:05.842552 - PARAMETER dynamic_loss_scaling : True 
DLL 2024-09-29 06:50:05.842563 - PARAMETER amp : False 
DLL 2024-09-29 06:50:05.842573 - PARAMETER cudnn_enabled : True 
DLL 2024-09-29 06:50:05.842584 - PARAMETER cudnn_benchmark : False 
DLL 2024-09-29 06:50:05.842594 - PARAMETER disable_uniform_initialize_bn_weight : False 
DLL 2024-09-29 06:50:05.842605 - PARAMETER use_saved_learning_rate : False 
DLL 2024-09-29 06:50:05.842616 - PARAMETER learning_rate : 0.0 
DLL 2024-09-29 06:50:05.842627 - PARAMETER weight_decay : 1e-06 
DLL 2024-09-29 06:50:05.842639 - PARAMETER grad_clip_thresh : 1.0 
DLL 2024-09-29 06:50:05.842650 - PARAMETER batch_size : 256 
DLL 2024-09-29 06:50:05.842661 - PARAMETER grad_clip : 5.0 
DLL 2024-09-29 06:50:05.842672 - PARAMETER load_mel_from_disk : False 
DLL 2024-09-29 06:50:05.842682 - PARAMETER training_files : filelists/ljs_audio_text_train_subset_625_filelist.txt 
DLL 2024-09-29 06:50:05.842693 - PARAMETER validation_files : filelists/ljs_audio_text_val_filelist.txt 
DLL 2024-09-29 06:50:05.842703 - PARAMETER text_cleaners : ['english_cleaners'] 
DLL 2024-09-29 06:50:05.842718 - PARAMETER max_wav_value : 32768.0 
DLL 2024-09-29 06:50:05.842729 - PARAMETER sampling_rate : 22050 
DLL 2024-09-29 06:50:05.842739 - PARAMETER filter_length : 1024 
DLL 2024-09-29 06:50:05.842750 - PARAMETER hop_length : 256 
DLL 2024-09-29 06:50:05.842760 - PARAMETER win_length : 1024 
DLL 2024-09-29 06:50:05.842770 - PARAMETER mel_fmin : 0.0 
DLL 2024-09-29 06:50:05.842782 - PARAMETER mel_fmax : 8000.0 
DLL 2024-09-29 06:50:05.842792 - PARAMETER rank : 0 
DLL 2024-09-29 06:50:05.842803 - PARAMETER world_size : 2 
DLL 2024-09-29 06:50:05.842813 - PARAMETER dist_url : tcp://localhost:23456 
DLL 2024-09-29 06:50:05.842823 - PARAMETER group_name : group_name 
DLL 2024-09-29 06:50:05.842833 - PARAMETER dist_backend : nccl 
DLL 2024-09-29 06:50:05.842844 - PARAMETER bench_class :  
DLL 2024-09-29 06:50:05.842854 - PARAMETER model_name : Tacotron2_PyT 
Initializing Distributed
Done initializing distributed
DLL 2024-09-29 06:50:15.842988 - (0, 0) glob_iter/iters_per_epoch : 0/1 
DLL 2024-09-29 06:50:17.758449 - (0, 0) train_loss : 46.49187469482422 
DLL 2024-09-29 06:50:19.064967 - (0, 0) train_items_per_sec : 89648.82930586542 items/s
DLL 2024-09-29 06:50:19.065053 - (0, 0) train_iter_time : 3.2220275739964563 
DLL 2024-09-29 06:50:19.091178 - (0,) train_items_per_sec : 89648.82930586542 items/s
DLL 2024-09-29 06:50:19.091264 - (0,) train_loss : 46.49187469482422 
DLL 2024-09-29 06:50:19.091285 - (0,) train_epoch_time : 8.377578738000011 
DLL 2024-09-29 06:50:20.594333 - (0, 1, 0) val_items_per_sec : 118796.46390113405 items/s
DLL 2024-09-29 06:50:20.629020 - (0,) val_loss : 45.616455078125 None
DLL 2024-09-29 06:50:20.629081 - (0,) val_items_per_sec : 118796.46390113405 items/s
Saving model and optimizer state at epoch 0 to ./checkpoint_Tacotron2_0.pt
Updating symlink ./checkpoint_Tacotron2_last.pt to point to checkpoint_Tacotron2_0.pt
DLL 2024-09-29 06:50:26.480548 - (1, 0) glob_iter/iters_per_epoch : 1/1 
DLL 2024-09-29 06:50:27.113408 - (1, 0) train_loss : 46.82914733886719 
DLL 2024-09-29 06:50:28.222265 - (1, 0) train_items_per_sec : 167021.77213306 items/s
DLL 2024-09-29 06:50:28.222364 - (1, 0) train_iter_time : 1.7417609469994204 
DLL 2024-09-29 06:50:28.269066 - (1,) train_items_per_sec : 167021.77213306 items/s
DLL 2024-09-29 06:50:28.269159 - (1,) train_loss : 46.82914733886719 
DLL 2024-09-29 06:50:28.269181 - (1,) train_epoch_time : 7.176310531998752 
DLL 2024-09-29 06:50:29.853313 - (1, 2, 0) val_items_per_sec : 117170.4781917847 items/s
DLL 2024-09-29 06:50:29.894155 - (1,) val_loss : 45.61116409301758 None
DLL 2024-09-29 06:50:29.894231 - (1,) val_items_per_sec : 117170.4781917847 items/s
DLL 2024-09-29 06:50:29.896720 - () run_time : 23.299671979999403 s
DLL 2024-09-29 06:50:29.896776 - () val_loss : 45.61116409301758 None
DLL 2024-09-29 06:50:29.896796 - () train_loss : 46.82914733886719 
DLL 2024-09-29 06:50:29.896813 - () train_items_per_sec : 167021.77213306 items/s
DLL 2024-09-29 06:50:29.896827 - () val_items_per_sec : 117170.4781917847 items/s
DONE!
