DLL 2024-07-28 09:32:22.781924 - PARAMETER output : ./ 
DLL 2024-07-28 09:32:22.781970 - PARAMETER dataset_path : /data/tacotron2/LJSpeech-1.1 
DLL 2024-07-28 09:32:22.781986 - PARAMETER model_name : Tacotron2 
DLL 2024-07-28 09:32:22.781997 - PARAMETER log_file : nvlog.json 
DLL 2024-07-28 09:32:22.782006 - PARAMETER anneal_steps : None 
DLL 2024-07-28 09:32:22.782016 - PARAMETER anneal_factor : 0.1 
DLL 2024-07-28 09:32:22.782026 - PARAMETER config_file : None 
DLL 2024-07-28 09:32:22.782035 - PARAMETER seed : None 
DLL 2024-07-28 09:32:22.782043 - PARAMETER epochs : 2 
DLL 2024-07-28 09:32:22.782053 - PARAMETER epochs_per_checkpoint : 50 
DLL 2024-07-28 09:32:22.782061 - PARAMETER checkpoint_path :  
DLL 2024-07-28 09:32:22.782070 - PARAMETER resume_from_last : False 
DLL 2024-07-28 09:32:22.782079 - PARAMETER dynamic_loss_scaling : True 
DLL 2024-07-28 09:32:22.782087 - PARAMETER amp : False 
DLL 2024-07-28 09:32:22.782095 - PARAMETER cudnn_enabled : True 
DLL 2024-07-28 09:32:22.782103 - PARAMETER cudnn_benchmark : False 
DLL 2024-07-28 09:32:22.782111 - PARAMETER disable_uniform_initialize_bn_weight : False 
DLL 2024-07-28 09:32:22.782120 - PARAMETER use_saved_learning_rate : False 
DLL 2024-07-28 09:32:22.782131 - PARAMETER learning_rate : 0.0 
DLL 2024-07-28 09:32:22.782140 - PARAMETER weight_decay : 1e-06 
DLL 2024-07-28 09:32:22.782149 - PARAMETER grad_clip_thresh : 1.0 
DLL 2024-07-28 09:32:22.782158 - PARAMETER batch_size : 256 
DLL 2024-07-28 09:32:22.782167 - PARAMETER grad_clip : 5.0 
DLL 2024-07-28 09:32:22.782175 - PARAMETER load_mel_from_disk : False 
DLL 2024-07-28 09:32:22.782184 - PARAMETER training_files : filelists/ljs_audio_text_train_subset_625_filelist.txt 
DLL 2024-07-28 09:32:22.782192 - PARAMETER validation_files : filelists/ljs_audio_text_val_filelist.txt 
DLL 2024-07-28 09:32:22.782203 - PARAMETER text_cleaners : ['english_cleaners'] 
DLL 2024-07-28 09:32:22.782214 - PARAMETER max_wav_value : 32768.0 
DLL 2024-07-28 09:32:22.782223 - PARAMETER sampling_rate : 22050 
DLL 2024-07-28 09:32:22.782231 - PARAMETER filter_length : 1024 
DLL 2024-07-28 09:32:22.782239 - PARAMETER hop_length : 256 
DLL 2024-07-28 09:32:22.782246 - PARAMETER win_length : 1024 
DLL 2024-07-28 09:32:22.782254 - PARAMETER mel_fmin : 0.0 
DLL 2024-07-28 09:32:22.782263 - PARAMETER mel_fmax : 8000.0 
DLL 2024-07-28 09:32:22.782271 - PARAMETER rank : 0 
DLL 2024-07-28 09:32:22.782279 - PARAMETER world_size : 1 
DLL 2024-07-28 09:32:22.782287 - PARAMETER dist_url : tcp://localhost:23456 
DLL 2024-07-28 09:32:22.782295 - PARAMETER group_name : group_name 
DLL 2024-07-28 09:32:22.782303 - PARAMETER dist_backend : nccl 
DLL 2024-07-28 09:32:22.782312 - PARAMETER bench_class :  
DLL 2024-07-28 09:32:22.782320 - PARAMETER model_name : Tacotron2_PyT 
DLL 2024-07-28 09:32:30.389774 - (0, 0) glob_iter/iters_per_epoch : 0/2 
DLL 2024-07-28 09:32:32.156180 - (0, 0) train_loss : 44.75271224975586 
DLL 2024-07-28 09:32:33.438473 - (0, 0) train_items_per_sec : 45613.587474532724 items/s
DLL 2024-07-28 09:32:33.438553 - (0, 0) train_iter_time : 3.048762609992991 
DLL 2024-07-28 09:32:33.452752 - (0, 1) glob_iter/iters_per_epoch : 1/2 
DLL 2024-07-28 09:32:33.947091 - (0, 1) train_loss : 48.22650909423828 
DLL 2024-07-28 09:32:35.048516 - (0, 1) train_items_per_sec : 93405.77212404556 items/s
DLL 2024-07-28 09:32:35.048584 - (0, 1) train_iter_time : 1.5958221490000142 
DLL 2024-07-28 09:32:35.075766 - (0,) train_items_per_sec : 69509.67979928914 items/s
DLL 2024-07-28 09:32:35.075827 - (0,) train_loss : 48.22650909423828 
DLL 2024-07-28 09:32:35.075845 - (0,) train_epoch_time : 8.157204858012847 
DLL 2024-07-28 09:32:36.962015 - (0, 2, 0) val_items_per_sec : 134767.77602780354 items/s
DLL 2024-07-28 09:32:37.009748 - (0,) val_loss : 45.494720458984375 None
DLL 2024-07-28 09:32:37.009804 - (0,) val_items_per_sec : 134767.77602780354 items/s
Saving model and optimizer state at epoch 0 to ./checkpoint_Tacotron2_0.pt
Updating symlink ./checkpoint_Tacotron2_last.pt to point to checkpoint_Tacotron2_0.pt
DLL 2024-07-28 09:32:41.375875 - (1, 0) glob_iter/iters_per_epoch : 2/2 
DLL 2024-07-28 09:32:41.981552 - (1, 0) train_loss : 47.77960968017578 
DLL 2024-07-28 09:32:43.084127 - (1, 0) train_items_per_sec : 86772.49190412558 items/s
DLL 2024-07-28 09:32:43.084204 - (1, 0) train_iter_time : 1.7082948379975278 
DLL 2024-07-28 09:32:43.091006 - (1, 1) glob_iter/iters_per_epoch : 3/2 
DLL 2024-07-28 09:32:43.560031 - (1, 1) train_loss : 45.73594665527344 
DLL 2024-07-28 09:32:44.651126 - (1, 1) train_items_per_sec : 90019.78187326115 items/s
DLL 2024-07-28 09:32:44.651209 - (1, 1) train_iter_time : 1.5601459710014751 
DLL 2024-07-28 09:32:44.702448 - (1,) train_items_per_sec : 88396.13688869336 items/s
DLL 2024-07-28 09:32:44.702527 - (1,) train_loss : 45.73594665527344 
DLL 2024-07-28 09:32:44.702544 - (1,) train_epoch_time : 7.262612257007277 
DLL 2024-07-28 09:32:46.560344 - (1, 4, 0) val_items_per_sec : 136702.740530132 items/s
DLL 2024-07-28 09:32:46.605199 - (1,) val_loss : 45.50497055053711 None
DLL 2024-07-28 09:32:46.605253 - (1,) val_items_per_sec : 136702.740530132 items/s
DLL 2024-07-28 09:32:46.608552 - () run_time : 20.987355949007906 s
DLL 2024-07-28 09:32:46.608591 - () val_loss : 45.50497055053711 None
DLL 2024-07-28 09:32:46.608608 - () train_loss : 45.73594665527344 
DLL 2024-07-28 09:32:46.608620 - () train_items_per_sec : 88396.13688869336 items/s
DLL 2024-07-28 09:32:46.608631 - () val_items_per_sec : 136702.740530132 items/s
DONE!
