DLL 2024-04-16 18:20:45.440965 - PARAMETER output : ./ 
DLL 2024-04-16 18:20:45.441022 - PARAMETER dataset_path : /data/tacotron2/LJSpeech-1.1 
DLL 2024-04-16 18:20:45.441045 - PARAMETER model_name : Tacotron2 
DLL 2024-04-16 18:20:45.441061 - PARAMETER log_file : nvlog.json 
DLL 2024-04-16 18:20:45.441075 - PARAMETER anneal_steps : None 
DLL 2024-04-16 18:20:45.441089 - PARAMETER anneal_factor : 0.1 
DLL 2024-04-16 18:20:45.441104 - PARAMETER config_file : None 
DLL 2024-04-16 18:20:45.441118 - PARAMETER seed : None 
DLL 2024-04-16 18:20:45.441131 - PARAMETER epochs : 3 
DLL 2024-04-16 18:20:45.441145 - PARAMETER epochs_per_checkpoint : 50 
DLL 2024-04-16 18:20:45.441159 - PARAMETER checkpoint_path :  
DLL 2024-04-16 18:20:45.441172 - PARAMETER resume_from_last : False 
DLL 2024-04-16 18:20:45.441187 - PARAMETER dynamic_loss_scaling : True 
DLL 2024-04-16 18:20:45.441200 - PARAMETER amp : False 
DLL 2024-04-16 18:20:45.441214 - PARAMETER cudnn_enabled : True 
DLL 2024-04-16 18:20:45.441227 - PARAMETER cudnn_benchmark : False 
DLL 2024-04-16 18:20:45.441240 - PARAMETER disable_uniform_initialize_bn_weight : False 
DLL 2024-04-16 18:20:45.441253 - PARAMETER use_saved_learning_rate : False 
DLL 2024-04-16 18:20:45.441266 - PARAMETER learning_rate : 0.0 
DLL 2024-04-16 18:20:45.441280 - PARAMETER weight_decay : 1e-06 
DLL 2024-04-16 18:20:45.441294 - PARAMETER grad_clip_thresh : 1.0 
DLL 2024-04-16 18:20:45.441307 - PARAMETER batch_size : 256 
DLL 2024-04-16 18:20:45.441321 - PARAMETER grad_clip : 5.0 
DLL 2024-04-16 18:20:45.441334 - PARAMETER load_mel_from_disk : False 
DLL 2024-04-16 18:20:45.441347 - PARAMETER training_files : filelists/ljs_audio_text_train_subset_2500_filelist.txt 
DLL 2024-04-16 18:20:45.441361 - PARAMETER validation_files : filelists/ljs_audio_text_val_filelist.txt 
DLL 2024-04-16 18:20:45.441374 - PARAMETER text_cleaners : ['english_cleaners'] 
DLL 2024-04-16 18:20:45.441391 - PARAMETER max_wav_value : 32768.0 
DLL 2024-04-16 18:20:45.441405 - PARAMETER sampling_rate : 22050 
DLL 2024-04-16 18:20:45.441418 - PARAMETER filter_length : 1024 
DLL 2024-04-16 18:20:45.441435 - PARAMETER hop_length : 256 
DLL 2024-04-16 18:20:45.441448 - PARAMETER win_length : 1024 
DLL 2024-04-16 18:20:45.441460 - PARAMETER mel_fmin : 0.0 
DLL 2024-04-16 18:20:45.441474 - PARAMETER mel_fmax : 8000.0 
DLL 2024-04-16 18:20:45.441487 - PARAMETER rank : 0 
DLL 2024-04-16 18:20:45.441500 - PARAMETER world_size : 4 
DLL 2024-04-16 18:20:45.441513 - PARAMETER dist_url : tcp://localhost:23456 
DLL 2024-04-16 18:20:45.441526 - PARAMETER group_name : group_name 
DLL 2024-04-16 18:20:45.441539 - PARAMETER dist_backend : nccl 
DLL 2024-04-16 18:20:45.441552 - PARAMETER bench_class :  
DLL 2024-04-16 18:20:45.441565 - PARAMETER model_name : Tacotron2_PyT 
Initializing Distributed
Done initializing distributed
DLL 2024-04-16 18:21:04.128454 - (0, 0) glob_iter/iters_per_epoch : 0/2 
DLL 2024-04-16 18:21:08.088278 - (0, 0) train_loss : 46.851226806640625 
DLL 2024-04-16 18:21:09.431927 - (0, 0) train_items_per_sec : 109895.29340482737 items/s
DLL 2024-04-16 18:21:09.432037 - (0, 0) train_iter_time : 5.3035210329981055 
DLL 2024-04-16 18:21:09.443522 - (0, 1) glob_iter/iters_per_epoch : 1/2 
DLL 2024-04-16 18:21:10.143218 - (0, 1) train_loss : 46.16669464111328 
DLL 2024-04-16 18:21:11.272905 - (0, 1) train_items_per_sec : 314817.03762183106 items/s
DLL 2024-04-16 18:21:11.273000 - (0, 1) train_iter_time : 1.8294117889890913 
DLL 2024-04-16 18:21:11.315212 - (0,) train_items_per_sec : 212356.1655133292 items/s
DLL 2024-04-16 18:21:11.315291 - (0,) train_loss : 46.16669464111328 
DLL 2024-04-16 18:21:11.315314 - (0,) train_epoch_time : 12.533930251986021 
DLL 2024-04-16 18:21:12.349755 - (0, 2, 0) val_items_per_sec : 112325.15536553958 items/s
DLL 2024-04-16 18:21:12.392733 - (0,) val_loss : 47.373252868652344 None
DLL 2024-04-16 18:21:12.392792 - (0,) val_items_per_sec : 112325.15536553958 items/s
Saving model and optimizer state at epoch 0 to ./checkpoint_Tacotron2_0.pt
Updating symlink ./checkpoint_Tacotron2_last.pt to point to checkpoint_Tacotron2_0.pt
DLL 2024-04-16 18:21:18.632778 - (1, 0) glob_iter/iters_per_epoch : 2/2 
DLL 2024-04-16 18:21:19.288668 - (1, 0) train_loss : 46.191768646240234 
DLL 2024-04-16 18:21:20.429306 - (1, 0) train_items_per_sec : 319769.25641383993 items/s
DLL 2024-04-16 18:21:20.429406 - (1, 0) train_iter_time : 1.7965860959957354 
DLL 2024-04-16 18:21:20.441230 - (1, 1) glob_iter/iters_per_epoch : 3/2 
DLL 2024-04-16 18:21:21.090764 - (1, 1) train_loss : 46.372161865234375 
DLL 2024-04-16 18:21:22.310153 - (1, 1) train_items_per_sec : 307912.9444079884 items/s
DLL 2024-04-16 18:21:22.310305 - (1, 1) train_iter_time : 1.8689211040036753 
DLL 2024-04-16 18:21:22.428267 - (1,) train_items_per_sec : 313841.10041091416 items/s
DLL 2024-04-16 18:21:22.428339 - (1,) train_loss : 46.372161865234375 
DLL 2024-04-16 18:21:22.428364 - (1,) train_epoch_time : 9.553871713986155 
DLL 2024-04-16 18:21:23.425575 - (1, 4, 0) val_items_per_sec : 126341.01091217832 items/s
DLL 2024-04-16 18:21:23.485042 - (1,) val_loss : 47.36227798461914 None
DLL 2024-04-16 18:21:23.485143 - (1,) val_items_per_sec : 126341.01091217832 items/s
DLL 2024-04-16 18:21:29.015849 - (2, 0) glob_iter/iters_per_epoch : 4/2 
DLL 2024-04-16 18:21:29.692254 - (2, 0) train_loss : 46.680809020996094 
DLL 2024-04-16 18:21:30.824740 - (2, 0) train_items_per_sec : 321282.6805807115 items/s
DLL 2024-04-16 18:21:30.824835 - (2, 0) train_iter_time : 1.8089397129951976 
DLL 2024-04-16 18:21:30.836759 - (2, 1) glob_iter/iters_per_epoch : 5/2 
DLL 2024-04-16 18:21:31.390932 - (2, 1) train_loss : 46.49299621582031 
DLL 2024-04-16 18:21:32.527636 - (2, 1) train_items_per_sec : 342292.3218180287 items/s
DLL 2024-04-16 18:21:32.527729 - (2, 1) train_iter_time : 1.6908880600240082 
DLL 2024-04-16 18:21:32.632575 - (2,) train_items_per_sec : 331787.50119937013 items/s
DLL 2024-04-16 18:21:32.632673 - (2,) train_loss : 46.49299621582031 
DLL 2024-04-16 18:21:32.632697 - (2,) train_epoch_time : 9.145511471986538 
DLL 2024-04-16 18:21:33.629801 - (2, 6, 0) val_items_per_sec : 122546.47715562579 items/s
DLL 2024-04-16 18:21:33.676168 - (2,) val_loss : 47.35293197631836 None
DLL 2024-04-16 18:21:33.676224 - (2,) val_items_per_sec : 122546.47715562579 items/s
DLL 2024-04-16 18:21:33.678010 - () run_time : 42.529726547014434 s
DLL 2024-04-16 18:21:33.678046 - () val_loss : 47.35293197631836 None
DLL 2024-04-16 18:21:33.678066 - () train_loss : 46.49299621582031 
DLL 2024-04-16 18:21:33.678085 - () train_items_per_sec : 331787.50119937013 items/s
DLL 2024-04-16 18:21:33.678101 - () val_items_per_sec : 122546.47715562579 items/s
DONE!
