DLL 2020-10-27 18:22:34.165810 - PARAMETER output : ./ 
DLL 2020-10-27 18:22:34.165871 - PARAMETER dataset_path : /data/tacotron2/LJSpeech-1.1 
DLL 2020-10-27 18:22:34.165900 - PARAMETER model_name : Tacotron2 
DLL 2020-10-27 18:22:34.165924 - PARAMETER log_file : nvlog.json 
DLL 2020-10-27 18:22:34.165946 - PARAMETER anneal_steps : None 
DLL 2020-10-27 18:22:34.165970 - PARAMETER anneal_factor : 0.1 
DLL 2020-10-27 18:22:34.165993 - PARAMETER epochs : 2 
DLL 2020-10-27 18:22:34.166016 - PARAMETER epochs_per_checkpoint : 50 
DLL 2020-10-27 18:22:34.166038 - PARAMETER checkpoint_path :  
DLL 2020-10-27 18:22:34.166059 - PARAMETER resume_from_last : False 
DLL 2020-10-27 18:22:34.166082 - PARAMETER dynamic_loss_scaling : True 
DLL 2020-10-27 18:22:34.166105 - PARAMETER amp : True 
DLL 2020-10-27 18:22:34.166126 - PARAMETER cudnn_enabled : True 
DLL 2020-10-27 18:22:34.166148 - PARAMETER cudnn_benchmark : False 
DLL 2020-10-27 18:22:34.166169 - PARAMETER disable_uniform_initialize_bn_weight : False 
DLL 2020-10-27 18:22:34.166190 - PARAMETER use_saved_learning_rate : False 
DLL 2020-10-27 18:22:34.166212 - PARAMETER learning_rate : 0.0 
DLL 2020-10-27 18:22:34.166234 - PARAMETER weight_decay : 1e-06 
DLL 2020-10-27 18:22:34.166258 - PARAMETER grad_clip_thresh : 1.0 
DLL 2020-10-27 18:22:34.166281 - PARAMETER batch_size : 72 
DLL 2020-10-27 18:22:34.166302 - PARAMETER grad_clip : 5.0 
DLL 2020-10-27 18:22:34.166324 - PARAMETER load_mel_from_disk : False 
DLL 2020-10-27 18:22:34.166347 - PARAMETER training_files : filelists/ljs_audio_text_train_subset_625_filelist.txt 
DLL 2020-10-27 18:22:34.166369 - PARAMETER validation_files : filelists/ljs_audio_text_val_filelist.txt 
DLL 2020-10-27 18:22:34.166390 - PARAMETER text_cleaners : ['english_cleaners'] 
DLL 2020-10-27 18:22:34.166414 - PARAMETER max_wav_value : 32768.0 
DLL 2020-10-27 18:22:34.166437 - PARAMETER sampling_rate : 22050 
DLL 2020-10-27 18:22:34.166459 - PARAMETER filter_length : 1024 
DLL 2020-10-27 18:22:34.166480 - PARAMETER hop_length : 256 
DLL 2020-10-27 18:22:34.166502 - PARAMETER win_length : 1024 
DLL 2020-10-27 18:22:34.166524 - PARAMETER mel_fmin : 0.0 
DLL 2020-10-27 18:22:34.166545 - PARAMETER mel_fmax : 8000.0 
DLL 2020-10-27 18:22:34.166567 - PARAMETER rank : 0 
DLL 2020-10-27 18:22:34.166589 - PARAMETER world_size : 1 
DLL 2020-10-27 18:22:34.166610 - PARAMETER dist_url : tcp://localhost:23456 
DLL 2020-10-27 18:22:34.166632 - PARAMETER group_name : group_name 
DLL 2020-10-27 18:22:34.166653 - PARAMETER dist_backend : nccl 
DLL 2020-10-27 18:22:34.166675 - PARAMETER bench_class :  
DLL 2020-10-27 18:22:34.166696 - PARAMETER model_name : Tacotron2_PyT 
Selected optimization level O1:  Insert automatic casts around Pytorch functions and Tensor methods.

Defaults for this optimization level are:
enabled                : True
opt_level              : O1
cast_model_type        : None
patch_torch_functions  : True
keep_batchnorm_fp32    : None
master_weights         : None
loss_scale             : dynamic
Processing user overrides (additional kwargs that are not None)...
After processing overrides, optimization options are:
enabled                : True
opt_level              : O1
cast_model_type        : None
patch_torch_functions  : True
keep_batchnorm_fp32    : None
master_weights         : None
loss_scale             : dynamic
DLL 2020-10-27 18:22:39.524341 - (0, 0) glob_iter/iters_per_epoch : 0/8 
DLL 2020-10-27 18:22:44.909205 - (0, 0) train_loss : 49.7753791809082 
DLL 2020-10-27 18:22:46.973456 - (0, 0) train_items_per_sec : 5711.6239600941635 
DLL 2020-10-27 18:22:46.973539 - (0, 0) train_iter_time : 7.449194886999976 
DLL 2020-10-27 18:22:46.978718 - (0, 1) glob_iter/iters_per_epoch : 1/8 
DLL 2020-10-27 18:22:49.224609 - (0, 1) train_loss : 46.116485595703125 
DLL 2020-10-27 18:22:51.090868 - (0, 1) train_items_per_sec : 9768.835147238296 
DLL 2020-10-27 18:22:51.090958 - (0, 1) train_iter_time : 4.112158655001622 
DLL 2020-10-27 18:22:51.102312 - (0, 2) glob_iter/iters_per_epoch : 2/8 
DLL 2020-10-27 18:22:53.251696 - (0, 2) train_loss : 47.09196090698242 
DLL 2020-10-27 18:22:55.040149 - (0, 2) train_items_per_sec : 10125.837904608501 
DLL 2020-10-27 18:22:55.040239 - (0, 2) train_iter_time : 3.9378469590010354 
DLL 2020-10-27 18:22:55.051569 - (0, 3) glob_iter/iters_per_epoch : 3/8 
DLL 2020-10-27 18:22:57.336580 - (0, 3) train_loss : 46.49360656738281 
DLL 2020-10-27 18:22:59.204870 - (0, 3) train_items_per_sec : 9704.787033376962 
DLL 2020-10-27 18:22:59.204961 - (0, 3) train_iter_time : 4.153311129999565 
DLL 2020-10-27 18:22:59.216092 - (0, 4) glob_iter/iters_per_epoch : 4/8 
DLL 2020-10-27 18:23:01.391406 - (0, 4) train_loss : 42.87443542480469 
DLL 2020-10-27 18:23:03.217389 - (0, 4) train_items_per_sec : 9061.787690276893 
DLL 2020-10-27 18:23:03.217481 - (0, 4) train_iter_time : 4.001307604999965 
DLL 2020-10-27 18:23:03.230103 - (0, 5) glob_iter/iters_per_epoch : 5/8 
DLL 2020-10-27 18:23:05.434471 - (0, 5) train_loss : 48.057594299316406 
DLL 2020-10-27 18:23:07.269663 - (0, 5) train_items_per_sec : 10131.27718138203 
DLL 2020-10-27 18:23:07.269754 - (0, 5) train_iter_time : 4.039569667998876 
DLL 2020-10-27 18:23:07.280009 - (0, 6) glob_iter/iters_per_epoch : 6/8 
DLL 2020-10-27 18:23:09.498847 - (0, 6) train_loss : 48.83491134643555 
DLL 2020-10-27 18:23:11.388429 - (0, 6) train_items_per_sec : 10366.734488661603 
DLL 2020-10-27 18:23:11.388518 - (0, 6) train_iter_time : 4.108429713000078 
DLL 2020-10-27 18:23:11.402667 - (0, 7) glob_iter/iters_per_epoch : 7/8 
DLL 2020-10-27 18:23:13.607056 - (0, 7) train_loss : 47.537864685058594 
DLL 2020-10-27 18:23:15.498177 - (0, 7) train_items_per_sec : 10153.995310734213 
DLL 2020-10-27 18:23:15.498267 - (0, 7) train_iter_time : 4.0955307469994295 
DLL 2020-10-27 18:23:15.541853 - (0,) train_items_per_sec : 9378.109839546581 
DLL 2020-10-27 18:23:15.541984 - (0,) train_loss : 47.537864685058594 
DLL 2020-10-27 18:23:15.542043 - (0,) train_epoch_time : 37.613281487001586 
/opt/conda/lib/python3.6/site-packages/torch/functional.py:1242: UserWarning: torch.norm is deprecated and may be removed in a future PyTorch release. Use torch.linalg.norm instead.
  "torch.norm is deprecated and may be removed in a future PyTorch release. "
DLL 2020-10-27 18:23:19.019275 - (0, 8, 0) val_items_per_sec : 19662.96897772464 
DLL 2020-10-27 18:23:20.888467 - (0, 8, 1) val_items_per_sec : 8891.392233409779 
DLL 2020-10-27 18:23:20.944252 - (0,) val_loss : 46.9984245300293 
DLL 2020-10-27 18:23:20.944409 - (0,) val_items_per_sec : 14277.18060556721 
Saving model and optimizer state at epoch 0 to ./checkpoint_Tacotron2_0.pt
DLL 2020-10-27 18:23:23.109882 - (1, 0) glob_iter/iters_per_epoch : 8/8 
DLL 2020-10-27 18:23:25.445940 - (1, 0) train_loss : 48.907466888427734 
DLL 2020-10-27 18:23:27.334656 - (1, 0) train_items_per_sec : 10026.065293956408 
DLL 2020-10-27 18:23:27.334743 - (1, 0) train_iter_time : 4.224887706001027 
DLL 2020-10-27 18:23:27.346491 - (1, 1) glob_iter/iters_per_epoch : 9/8 
DLL 2020-10-27 18:23:29.577011 - (1, 1) train_loss : 43.984230041503906 
DLL 2020-10-27 18:23:31.453351 - (1, 1) train_items_per_sec : 9338.744241631866 
DLL 2020-10-27 18:23:31.453446 - (1, 1) train_iter_time : 4.106869082999765 
DLL 2020-10-27 18:23:31.466252 - (1, 2) glob_iter/iters_per_epoch : 10/8 
DLL 2020-10-27 18:23:33.701097 - (1, 2) train_loss : 47.08106994628906 
DLL 2020-10-27 18:23:35.590477 - (1, 2) train_items_per_sec : 9823.396970125967 
DLL 2020-10-27 18:23:35.590571 - (1, 2) train_iter_time : 4.124235244000374 
DLL 2020-10-27 18:23:35.603954 - (1, 3) glob_iter/iters_per_epoch : 11/8 
DLL 2020-10-27 18:23:37.867768 - (1, 3) train_loss : 47.64381408691406 
DLL 2020-10-27 18:23:39.706983 - (1, 3) train_items_per_sec : 10005.263572434258 
DLL 2020-10-27 18:23:39.707076 - (1, 3) train_iter_time : 4.103040334999605 
DLL 2020-10-27 18:23:39.720512 - (1, 4) glob_iter/iters_per_epoch : 12/8 
DLL 2020-10-27 18:23:41.965362 - (1, 4) train_loss : 49.466644287109375 
DLL 2020-10-27 18:23:43.818742 - (1, 4) train_items_per_sec : 10499.14266513803 
DLL 2020-10-27 18:23:43.818845 - (1, 4) train_iter_time : 4.098239386999921 
DLL 2020-10-27 18:23:43.833257 - (1, 5) glob_iter/iters_per_epoch : 13/8 
DLL 2020-10-27 18:23:46.083600 - (1, 5) train_loss : 46.205257415771484 
DLL 2020-10-27 18:23:47.942063 - (1, 5) train_items_per_sec : 9794.781540602646 
DLL 2020-10-27 18:23:47.942152 - (1, 5) train_iter_time : 4.108820582998305 
DLL 2020-10-27 18:23:47.956192 - (1, 6) glob_iter/iters_per_epoch : 14/8 
DLL 2020-10-27 18:23:50.195251 - (1, 6) train_loss : 46.991371154785156 
DLL 2020-10-27 18:23:52.059171 - (1, 6) train_items_per_sec : 9953.230562182827 
DLL 2020-10-27 18:23:52.059264 - (1, 6) train_iter_time : 4.102989450999303 
DLL 2020-10-27 18:23:52.073668 - (1, 7) glob_iter/iters_per_epoch : 15/8 
DLL 2020-10-27 18:23:54.250515 - (1, 7) train_loss : 47.041316986083984 
DLL 2020-10-27 18:23:56.130647 - (1, 7) train_items_per_sec : 9828.706064952285 
DLL 2020-10-27 18:23:56.130735 - (1, 7) train_iter_time : 4.056993844000317 
DLL 2020-10-27 18:23:56.182957 - (1,) train_items_per_sec : 9908.666363878037 
DLL 2020-10-27 18:23:56.183105 - (1,) train_loss : 47.041316986083984 
DLL 2020-10-27 18:23:56.183189 - (1,) train_epoch_time : 34.68198026400023 
DLL 2020-10-27 18:23:59.792101 - (1, 16, 0) val_items_per_sec : 19036.33700140505 
DLL 2020-10-27 18:24:01.762497 - (1, 16, 1) val_items_per_sec : 8435.097792162735 
DLL 2020-10-27 18:24:01.809861 - (1,) val_loss : 47.019975662231445 
DLL 2020-10-27 18:24:01.810041 - (1,) val_items_per_sec : 13735.717396783892 
DLL 2020-10-27 18:24:01.816909 - () run_time : 85.69849407299989 
DLL 2020-10-27 18:24:01.817047 - () val_loss : 47.019975662231445 
DLL 2020-10-27 18:24:01.817131 - () train_items_per_sec : 9908.666363878037 
DONE!
