OMP: Info #276: omp_set_nested routine deprecated, please use omp_set_max_active_levels instead.
DLL 2023-03-17 21:52:08.979491 - PARAMETER output : ./ 
DLL 2023-03-17 21:52:08.979544 - PARAMETER dataset_path : /data/tacotron2/LJSpeech-1.1 
DLL 2023-03-17 21:52:08.979563 - PARAMETER model_name : Tacotron2 
DLL 2023-03-17 21:52:08.979576 - PARAMETER log_file : nvlog.json 
DLL 2023-03-17 21:52:08.979588 - PARAMETER anneal_steps : None 
DLL 2023-03-17 21:52:08.979600 - PARAMETER anneal_factor : 0.1 
DLL 2023-03-17 21:52:08.979613 - PARAMETER config_file : None 
DLL 2023-03-17 21:52:08.979623 - PARAMETER seed : None 
DLL 2023-03-17 21:52:08.979634 - PARAMETER epochs : 2 
DLL 2023-03-17 21:52:08.979645 - PARAMETER epochs_per_checkpoint : 50 
DLL 2023-03-17 21:52:08.979655 - PARAMETER checkpoint_path :  
DLL 2023-03-17 21:52:08.979666 - PARAMETER resume_from_last : False 
DLL 2023-03-17 21:52:08.979677 - PARAMETER dynamic_loss_scaling : True 
DLL 2023-03-17 21:52:08.979688 - PARAMETER amp : False 
DLL 2023-03-17 21:52:08.979698 - PARAMETER cudnn_enabled : True 
DLL 2023-03-17 21:52:08.979709 - PARAMETER cudnn_benchmark : False 
DLL 2023-03-17 21:52:08.979719 - PARAMETER disable_uniform_initialize_bn_weight : False 
DLL 2023-03-17 21:52:08.979729 - PARAMETER use_saved_learning_rate : False 
DLL 2023-03-17 21:52:08.979739 - PARAMETER learning_rate : 0.0 
DLL 2023-03-17 21:52:08.979750 - PARAMETER weight_decay : 1e-06 
DLL 2023-03-17 21:52:08.979762 - PARAMETER grad_clip_thresh : 1.0 
DLL 2023-03-17 21:52:08.979772 - PARAMETER batch_size : 256 
DLL 2023-03-17 21:52:08.979783 - PARAMETER grad_clip : 5.0 
DLL 2023-03-17 21:52:08.979793 - PARAMETER load_mel_from_disk : False 
DLL 2023-03-17 21:52:08.979803 - PARAMETER training_files : filelists/ljs_audio_text_train_subset_625_filelist.txt 
DLL 2023-03-17 21:52:08.979814 - PARAMETER validation_files : filelists/ljs_audio_text_val_filelist.txt 
DLL 2023-03-17 21:52:08.979825 - PARAMETER text_cleaners : ['english_cleaners'] 
DLL 2023-03-17 21:52:08.979838 - PARAMETER max_wav_value : 32768.0 
DLL 2023-03-17 21:52:08.979849 - PARAMETER sampling_rate : 22050 
DLL 2023-03-17 21:52:08.979859 - PARAMETER filter_length : 1024 
DLL 2023-03-17 21:52:08.979869 - PARAMETER hop_length : 256 
DLL 2023-03-17 21:52:08.979880 - PARAMETER win_length : 1024 
DLL 2023-03-17 21:52:08.979890 - PARAMETER mel_fmin : 0.0 
DLL 2023-03-17 21:52:08.979900 - PARAMETER mel_fmax : 8000.0 
DLL 2023-03-17 21:52:08.979910 - PARAMETER rank : 0 
DLL 2023-03-17 21:52:08.979920 - PARAMETER world_size : 1 
DLL 2023-03-17 21:52:08.979931 - PARAMETER dist_url : tcp://localhost:23456 
DLL 2023-03-17 21:52:08.979941 - PARAMETER group_name : group_name 
DLL 2023-03-17 21:52:08.979951 - PARAMETER dist_backend : nccl 
DLL 2023-03-17 21:52:08.979962 - PARAMETER bench_class :  
DLL 2023-03-17 21:52:08.979972 - PARAMETER model_name : Tacotron2_PyT 
/opt/conda/lib/python3.8/site-packages/numpy/linalg/linalg.py:1998: RuntimeWarning: overflow encountered in matmul
  res = matmul(transpose(vt), multiply(s[..., newaxis], transpose(u)))
/opt/conda/lib/python3.8/site-packages/numpy/linalg/linalg.py:1998: RuntimeWarning: invalid value encountered in matmul
  res = matmul(transpose(vt), multiply(s[..., newaxis], transpose(u)))
DLL 2023-03-17 21:52:15.911630 - (0, 0) glob_iter/iters_per_epoch : 0/2 
DLL 2023-03-17 21:52:18.012893 - (0, 0) train_loss : 45.372371673583984 
DLL 2023-03-17 21:52:19.859193 - (0, 0) train_items_per_sec : 36064.380036551986 items/s
DLL 2023-03-17 21:52:19.859338 - (0, 0) train_iter_time : 3.947690209999564 
DLL 2023-03-17 21:52:23.444231 - (0, 1) glob_iter/iters_per_epoch : 1/2 
DLL 2023-03-17 21:52:24.041641 - (0, 1) train_loss : 47.376163482666016 
DLL 2023-03-17 21:52:25.656309 - (0, 1) train_items_per_sec : 66065.23464712135 items/s
DLL 2023-03-17 21:52:25.656545 - (0, 1) train_iter_time : 2.2121165660064435 
DLL 2023-03-17 21:52:25.714768 - (0,) train_items_per_sec : 51064.80734183667 items/s
DLL 2023-03-17 21:52:25.714978 - (0,) train_loss : 47.376163482666016 
DLL 2023-03-17 21:52:25.715065 - (0,) train_epoch_time : 15.172840801998973 
DLL 2023-03-17 21:52:30.378574 - (0, 2, 0) val_items_per_sec : 96445.69428388713 items/s
DLL 2023-03-17 21:52:30.445564 - (0,) val_loss : 45.44762420654297 None
DLL 2023-03-17 21:52:30.445654 - (0,) val_items_per_sec : 96445.69428388713 items/s
Saving model and optimizer state at epoch 0 to ./checkpoint_Tacotron2_0.pt
Updating symlink ./checkpoint_Tacotron2_last.pt to point to checkpoint_Tacotron2_0.pt
DLL 2023-03-17 21:52:39.033769 - (1, 0) glob_iter/iters_per_epoch : 2/2 
DLL 2023-03-17 21:52:39.592548 - (1, 0) train_loss : 46.52122497558594 
DLL 2023-03-17 21:52:41.208529 - (1, 0) train_items_per_sec : 66692.45744569472 items/s
DLL 2023-03-17 21:52:41.208746 - (1, 0) train_iter_time : 2.1748936169897206 
DLL 2023-03-17 21:52:46.491163 - (1, 1) glob_iter/iters_per_epoch : 3/2 
DLL 2023-03-17 21:52:47.307052 - (1, 1) train_loss : 46.62192916870117 
DLL 2023-03-17 21:52:49.016856 - (1, 1) train_items_per_sec : 57129.05060235111 items/s
DLL 2023-03-17 21:52:49.017085 - (1, 1) train_iter_time : 2.5257552589901024 
DLL 2023-03-17 21:52:49.117688 - (1,) train_items_per_sec : 61910.754024022914 items/s
DLL 2023-03-17 21:52:49.117851 - (1,) train_loss : 46.62192916870117 
DLL 2023-03-17 21:52:49.117919 - (1,) train_epoch_time : 17.904239054012578 
DLL 2023-03-17 21:52:54.004862 - (1, 4, 0) val_items_per_sec : 90138.56656344964 items/s
DLL 2023-03-17 21:52:54.085581 - (1,) val_loss : 45.444488525390625 None
DLL 2023-03-17 21:52:54.085779 - (1,) val_items_per_sec : 90138.56656344964 items/s
DLL 2023-03-17 21:52:54.094949 - () run_time : 44.854911041999 s
DLL 2023-03-17 21:52:54.095064 - () val_loss : 45.444488525390625 None
DLL 2023-03-17 21:52:54.095138 - () train_loss : 46.62192916870117 
DLL 2023-03-17 21:52:54.095173 - () train_items_per_sec : 61910.754024022914 items/s
DLL 2023-03-17 21:52:54.095201 - () val_items_per_sec : 90138.56656344964 items/s
DONE!
