DLL 2024-09-29 06:50:16.438888 - PARAMETER output : ./ 
DLL 2024-09-29 06:50:16.438945 - PARAMETER dataset_path : /data/tacotron2/LJSpeech-1.1 
DLL 2024-09-29 06:50:16.438964 - PARAMETER model_name : Tacotron2 
DLL 2024-09-29 06:50:16.438979 - PARAMETER log_file : nvlog.json 
DLL 2024-09-29 06:50:16.438991 - PARAMETER anneal_steps : None 
DLL 2024-09-29 06:50:16.439031 - PARAMETER anneal_factor : 0.1 
DLL 2024-09-29 06:50:16.439047 - PARAMETER config_file : None 
DLL 2024-09-29 06:50:16.439058 - PARAMETER seed : None 
DLL 2024-09-29 06:50:16.439069 - PARAMETER epochs : 2 
DLL 2024-09-29 06:50:16.439081 - PARAMETER epochs_per_checkpoint : 50 
DLL 2024-09-29 06:50:16.439092 - PARAMETER checkpoint_path :  
DLL 2024-09-29 06:50:16.439104 - PARAMETER resume_from_last : False 
DLL 2024-09-29 06:50:16.439116 - PARAMETER dynamic_loss_scaling : True 
DLL 2024-09-29 06:50:16.439127 - PARAMETER amp : False 
DLL 2024-09-29 06:50:16.439138 - PARAMETER cudnn_enabled : True 
DLL 2024-09-29 06:50:16.439149 - PARAMETER cudnn_benchmark : False 
DLL 2024-09-29 06:50:16.439160 - PARAMETER disable_uniform_initialize_bn_weight : False 
DLL 2024-09-29 06:50:16.439171 - PARAMETER use_saved_learning_rate : False 
DLL 2024-09-29 06:50:16.439183 - PARAMETER learning_rate : 0.0 
DLL 2024-09-29 06:50:16.439194 - PARAMETER weight_decay : 1e-06 
DLL 2024-09-29 06:50:16.439207 - PARAMETER grad_clip_thresh : 1.0 
DLL 2024-09-29 06:50:16.439218 - PARAMETER batch_size : 256 
DLL 2024-09-29 06:50:16.439229 - PARAMETER grad_clip : 5.0 
DLL 2024-09-29 06:50:16.439240 - PARAMETER load_mel_from_disk : False 
DLL 2024-09-29 06:50:16.439251 - PARAMETER training_files : filelists/ljs_audio_text_train_subset_625_filelist.txt 
DLL 2024-09-29 06:50:16.439262 - PARAMETER validation_files : filelists/ljs_audio_text_val_filelist.txt 
DLL 2024-09-29 06:50:16.439273 - PARAMETER text_cleaners : ['english_cleaners'] 
DLL 2024-09-29 06:50:16.439288 - PARAMETER max_wav_value : 32768.0 
DLL 2024-09-29 06:50:16.439300 - PARAMETER sampling_rate : 22050 
DLL 2024-09-29 06:50:16.439311 - PARAMETER filter_length : 1024 
DLL 2024-09-29 06:50:16.439321 - PARAMETER hop_length : 256 
DLL 2024-09-29 06:50:16.439331 - PARAMETER win_length : 1024 
DLL 2024-09-29 06:50:16.439342 - PARAMETER mel_fmin : 0.0 
DLL 2024-09-29 06:50:16.439353 - PARAMETER mel_fmax : 8000.0 
DLL 2024-09-29 06:50:16.439364 - PARAMETER rank : 0 
DLL 2024-09-29 06:50:16.439374 - PARAMETER world_size : 2 
DLL 2024-09-29 06:50:16.439385 - PARAMETER dist_url : tcp://localhost:23456 
DLL 2024-09-29 06:50:16.439395 - PARAMETER group_name : group_name 
DLL 2024-09-29 06:50:16.439406 - PARAMETER dist_backend : nccl 
DLL 2024-09-29 06:50:16.439417 - PARAMETER bench_class :  
DLL 2024-09-29 06:50:16.439428 - PARAMETER model_name : Tacotron2_PyT 
Initializing Distributed
Done initializing distributed
DLL 2024-09-29 06:50:26.349654 - (0, 0) glob_iter/iters_per_epoch : 0/1 
DLL 2024-09-29 06:50:28.242336 - (0, 0) train_loss : 46.822322845458984 
DLL 2024-09-29 06:50:29.577389 - (0, 0) train_items_per_sec : 89488.78079642195 items/s
DLL 2024-09-29 06:50:29.577475 - (0, 0) train_iter_time : 3.227790092001669 
DLL 2024-09-29 06:50:29.601587 - (0,) train_items_per_sec : 89488.78079642195 items/s
DLL 2024-09-29 06:50:29.601668 - (0,) train_loss : 46.822322845458984 
DLL 2024-09-29 06:50:29.601690 - (0,) train_epoch_time : 8.455497000992182 
DLL 2024-09-29 06:50:31.125483 - (0, 1, 0) val_items_per_sec : 120613.4907961268 items/s
DLL 2024-09-29 06:50:31.161513 - (0,) val_loss : 45.656768798828125 None
DLL 2024-09-29 06:50:31.161600 - (0,) val_items_per_sec : 120613.4907961268 items/s
Saving model and optimizer state at epoch 0 to ./checkpoint_Tacotron2_0.pt
Updating symlink ./checkpoint_Tacotron2_last.pt to point to checkpoint_Tacotron2_0.pt
DLL 2024-09-29 06:50:37.032942 - (1, 0) glob_iter/iters_per_epoch : 1/1 
DLL 2024-09-29 06:50:37.664418 - (1, 0) train_loss : 47.1591796875 
DLL 2024-09-29 06:50:38.765605 - (1, 0) train_items_per_sec : 167894.87842870128 items/s
DLL 2024-09-29 06:50:38.765692 - (1, 0) train_iter_time : 1.732703240995761 
DLL 2024-09-29 06:50:38.824019 - (1,) train_items_per_sec : 167894.87842870128 items/s
DLL 2024-09-29 06:50:38.824103 - (1,) train_loss : 47.1591796875 
DLL 2024-09-29 06:50:38.824127 - (1,) train_epoch_time : 7.207820334006101 
DLL 2024-09-29 06:50:40.390388 - (1, 2, 0) val_items_per_sec : 124043.49016445837 items/s
DLL 2024-09-29 06:50:40.430764 - (1,) val_loss : 45.64994430541992 None
DLL 2024-09-29 06:50:40.430833 - (1,) val_items_per_sec : 124043.49016445837 items/s
DLL 2024-09-29 06:50:40.433091 - () run_time : 23.225011991002248 s
DLL 2024-09-29 06:50:40.433130 - () val_loss : 45.64994430541992 None
DLL 2024-09-29 06:50:40.433148 - () train_loss : 47.1591796875 
DLL 2024-09-29 06:50:40.433165 - () train_items_per_sec : 167894.87842870128 items/s
DLL 2024-09-29 06:50:40.433180 - () val_items_per_sec : 124043.49016445837 items/s
DONE!
