DLL 2024-09-29 05:16:48.715346 - PARAMETER output : ./ 
DLL 2024-09-29 05:16:48.715417 - PARAMETER dataset_path : /data/tacotron2/LJSpeech-1.1 
DLL 2024-09-29 05:16:48.715435 - PARAMETER model_name : Tacotron2 
DLL 2024-09-29 05:16:48.715448 - PARAMETER log_file : nvlog.json 
DLL 2024-09-29 05:16:48.715458 - PARAMETER anneal_steps : None 
DLL 2024-09-29 05:16:48.715468 - PARAMETER anneal_factor : 0.1 
DLL 2024-09-29 05:16:48.715479 - PARAMETER config_file : None 
DLL 2024-09-29 05:16:48.715488 - PARAMETER seed : None 
DLL 2024-09-29 05:16:48.715497 - PARAMETER epochs : 2 
DLL 2024-09-29 05:16:48.715507 - PARAMETER epochs_per_checkpoint : 50 
DLL 2024-09-29 05:16:48.715516 - PARAMETER checkpoint_path :  
DLL 2024-09-29 05:16:48.715526 - PARAMETER resume_from_last : False 
DLL 2024-09-29 05:16:48.715536 - PARAMETER dynamic_loss_scaling : True 
DLL 2024-09-29 05:16:48.715546 - PARAMETER amp : False 
DLL 2024-09-29 05:16:48.715555 - PARAMETER cudnn_enabled : True 
DLL 2024-09-29 05:16:48.715564 - PARAMETER cudnn_benchmark : False 
DLL 2024-09-29 05:16:48.715573 - PARAMETER disable_uniform_initialize_bn_weight : False 
DLL 2024-09-29 05:16:48.715582 - PARAMETER use_saved_learning_rate : False 
DLL 2024-09-29 05:16:48.715590 - PARAMETER learning_rate : 0.0 
DLL 2024-09-29 05:16:48.715600 - PARAMETER weight_decay : 1e-06 
DLL 2024-09-29 05:16:48.715611 - PARAMETER grad_clip_thresh : 1.0 
DLL 2024-09-29 05:16:48.715620 - PARAMETER batch_size : 256 
DLL 2024-09-29 05:16:48.715629 - PARAMETER grad_clip : 5.0 
DLL 2024-09-29 05:16:48.715638 - PARAMETER load_mel_from_disk : False 
DLL 2024-09-29 05:16:48.715647 - PARAMETER training_files : filelists/ljs_audio_text_train_subset_625_filelist.txt 
DLL 2024-09-29 05:16:48.715656 - PARAMETER validation_files : filelists/ljs_audio_text_val_filelist.txt 
DLL 2024-09-29 05:16:48.715668 - PARAMETER text_cleaners : ['english_cleaners'] 
DLL 2024-09-29 05:16:48.715682 - PARAMETER max_wav_value : 32768.0 
DLL 2024-09-29 05:16:48.715692 - PARAMETER sampling_rate : 22050 
DLL 2024-09-29 05:16:48.715700 - PARAMETER filter_length : 1024 
DLL 2024-09-29 05:16:48.715709 - PARAMETER hop_length : 256 
DLL 2024-09-29 05:16:48.715718 - PARAMETER win_length : 1024 
DLL 2024-09-29 05:16:48.715726 - PARAMETER mel_fmin : 0.0 
DLL 2024-09-29 05:16:48.715735 - PARAMETER mel_fmax : 8000.0 
DLL 2024-09-29 05:16:48.715743 - PARAMETER rank : 0 
DLL 2024-09-29 05:16:48.715752 - PARAMETER world_size : 1 
DLL 2024-09-29 05:16:48.715761 - PARAMETER dist_url : tcp://localhost:23456 
DLL 2024-09-29 05:16:48.715769 - PARAMETER group_name : group_name 
DLL 2024-09-29 05:16:48.715778 - PARAMETER dist_backend : nccl 
DLL 2024-09-29 05:16:48.715786 - PARAMETER bench_class :  
DLL 2024-09-29 05:16:48.715795 - PARAMETER model_name : Tacotron2_PyT 
DLL 2024-09-29 05:16:54.303270 - (0, 0) glob_iter/iters_per_epoch : 0/2 
DLL 2024-09-29 05:16:55.791899 - (0, 0) train_loss : 47.00847625732422 
DLL 2024-09-29 05:16:57.114038 - (0, 0) train_items_per_sec : 51579.83156073971 items/s
DLL 2024-09-29 05:16:57.114163 - (0, 0) train_iter_time : 2.810846713007777 
DLL 2024-09-29 05:16:57.120447 - (0, 1) glob_iter/iters_per_epoch : 1/2 
DLL 2024-09-29 05:16:57.635273 - (0, 1) train_loss : 45.931068420410156 
DLL 2024-09-29 05:16:58.745180 - (0, 1) train_items_per_sec : 87757.35278093925 items/s
DLL 2024-09-29 05:16:58.745299 - (0, 1) train_iter_time : 1.624752746996819 
DLL 2024-09-29 05:16:58.763246 - (0,) train_items_per_sec : 69668.59217083949 items/s
DLL 2024-09-29 05:16:58.763347 - (0,) train_loss : 45.931068420410156 
DLL 2024-09-29 05:16:58.763365 - (0,) train_epoch_time : 8.353573771993979 
DLL 2024-09-29 05:17:00.746537 - (0, 2, 0) val_items_per_sec : 128504.86503472719 items/s
DLL 2024-09-29 05:17:00.776093 - (0,) val_loss : 45.474082946777344 None
DLL 2024-09-29 05:17:00.776162 - (0,) val_items_per_sec : 128504.86503472719 items/s
Saving model and optimizer state at epoch 0 to ./checkpoint_Tacotron2_0.pt
Updating symlink ./checkpoint_Tacotron2_last.pt to point to checkpoint_Tacotron2_0.pt
DLL 2024-09-29 05:17:05.640410 - (1, 0) glob_iter/iters_per_epoch : 2/2 
DLL 2024-09-29 05:17:06.261092 - (1, 0) train_loss : 47.2249641418457 
DLL 2024-09-29 05:17:07.355295 - (1, 0) train_items_per_sec : 85271.2191931023 items/s
DLL 2024-09-29 05:17:07.355410 - (1, 0) train_iter_time : 1.7149397110042628 
DLL 2024-09-29 05:17:07.361500 - (1, 1) glob_iter/iters_per_epoch : 3/2 
DLL 2024-09-29 05:17:08.008809 - (1, 1) train_loss : 45.991336822509766 
DLL 2024-09-29 05:17:09.112424 - (1, 1) train_items_per_sec : 80850.8649194522 items/s
DLL 2024-09-29 05:17:09.112533 - (1, 1) train_iter_time : 1.7509398339898326 
DLL 2024-09-29 05:17:09.164185 - (1,) train_items_per_sec : 83061.04205627725 items/s
DLL 2024-09-29 05:17:09.164299 - (1,) train_loss : 45.991336822509766 
DLL 2024-09-29 05:17:09.164315 - (1,) train_epoch_time : 7.869142702998943 
DLL 2024-09-29 05:17:11.106832 - (1, 4, 0) val_items_per_sec : 134458.20523104566 items/s
DLL 2024-09-29 05:17:11.149883 - (1,) val_loss : 45.46915054321289 None
DLL 2024-09-29 05:17:11.149972 - (1,) val_items_per_sec : 134458.20523104566 items/s
DLL 2024-09-29 05:17:11.154540 - () run_time : 22.082883045004564 s
DLL 2024-09-29 05:17:11.154586 - () val_loss : 45.46915054321289 None
DLL 2024-09-29 05:17:11.154606 - () train_loss : 45.991336822509766 
DLL 2024-09-29 05:17:11.154620 - () train_items_per_sec : 83061.04205627725 items/s
DLL 2024-09-29 05:17:11.154632 - () val_items_per_sec : 134458.20523104566 items/s
DONE!
