DLL 2020-11-04 07:45:44.117980 - PARAMETER output : ./ 
DLL 2020-11-04 07:45:44.118049 - PARAMETER dataset_path : /data/tacotron2/LJSpeech-1.1 
DLL 2020-11-04 07:45:44.118074 - PARAMETER model_name : Tacotron2 
DLL 2020-11-04 07:45:44.118093 - PARAMETER log_file : nvlog.json 
DLL 2020-11-04 07:45:44.118110 - PARAMETER anneal_steps : None 
DLL 2020-11-04 07:45:44.118128 - PARAMETER anneal_factor : 0.1 
DLL 2020-11-04 07:45:44.118149 - PARAMETER epochs : 3 
DLL 2020-11-04 07:45:44.118166 - PARAMETER epochs_per_checkpoint : 50 
DLL 2020-11-04 07:45:44.118183 - PARAMETER checkpoint_path :  
DLL 2020-11-04 07:45:44.118199 - PARAMETER resume_from_last : False 
DLL 2020-11-04 07:45:44.118217 - PARAMETER dynamic_loss_scaling : True 
DLL 2020-11-04 07:45:44.118237 - PARAMETER amp : False 
DLL 2020-11-04 07:45:44.118253 - PARAMETER cudnn_enabled : True 
DLL 2020-11-04 07:45:44.118270 - PARAMETER cudnn_benchmark : False 
DLL 2020-11-04 07:45:44.118286 - PARAMETER disable_uniform_initialize_bn_weight : False 
DLL 2020-11-04 07:45:44.118302 - PARAMETER use_saved_learning_rate : False 
DLL 2020-11-04 07:45:44.118318 - PARAMETER learning_rate : 0.0 
DLL 2020-11-04 07:45:44.118337 - PARAMETER weight_decay : 1e-06 
DLL 2020-11-04 07:45:44.118355 - PARAMETER grad_clip_thresh : 1.0 
DLL 2020-11-04 07:45:44.118371 - PARAMETER batch_size : 128 
DLL 2020-11-04 07:45:44.118387 - PARAMETER grad_clip : 5.0 
DLL 2020-11-04 07:45:44.118404 - PARAMETER load_mel_from_disk : False 
DLL 2020-11-04 07:45:44.118420 - PARAMETER training_files : filelists/ljs_audio_text_train_subset_1250_filelist.txt 
DLL 2020-11-04 07:45:44.118437 - PARAMETER validation_files : filelists/ljs_audio_text_val_filelist.txt 
DLL 2020-11-04 07:45:44.118453 - PARAMETER text_cleaners : ['english_cleaners'] 
DLL 2020-11-04 07:45:44.118474 - PARAMETER max_wav_value : 32768.0 
DLL 2020-11-04 07:45:44.118493 - PARAMETER sampling_rate : 22050 
DLL 2020-11-04 07:45:44.118509 - PARAMETER filter_length : 1024 
DLL 2020-11-04 07:45:44.118525 - PARAMETER hop_length : 256 
DLL 2020-11-04 07:45:44.118541 - PARAMETER win_length : 1024 
DLL 2020-11-04 07:45:44.118557 - PARAMETER mel_fmin : 0.0 
DLL 2020-11-04 07:45:44.118573 - PARAMETER mel_fmax : 8000.0 
DLL 2020-11-04 07:45:44.118589 - PARAMETER rank : 0 
DLL 2020-11-04 07:45:44.118605 - PARAMETER world_size : 4 
DLL 2020-11-04 07:45:44.118623 - PARAMETER dist_url : tcp://localhost:23456 
DLL 2020-11-04 07:45:44.118640 - PARAMETER group_name : group_name 
DLL 2020-11-04 07:45:44.118656 - PARAMETER dist_backend : nccl 
DLL 2020-11-04 07:45:44.118672 - PARAMETER bench_class :  
DLL 2020-11-04 07:45:44.118688 - PARAMETER model_name : Tacotron2_PyT 
Initializing Distributed
Done initializing distributed
DLL 2020-11-04 07:46:04.839385 - (0, 0) glob_iter/iters_per_epoch : 0/2 
DLL 2020-11-04 07:46:23.116280 - (0, 0) train_loss : 46.90293884277344 
DLL 2020-11-04 07:46:24.875365 - (0, 0) train_items_per_sec : 14539.349818190565 
DLL 2020-11-04 07:46:24.875462 - (0, 0) train_iter_time : 20.036109155000304 
DLL 2020-11-04 07:46:24.882250 - (0, 1) glob_iter/iters_per_epoch : 1/2 
DLL 2020-11-04 07:46:26.395193 - (0, 1) train_loss : 46.612213134765625 
DLL 2020-11-04 07:46:27.699144 - (0, 1) train_items_per_sec : 102308.00246306948 
DLL 2020-11-04 07:46:27.699255 - (0, 1) train_iter_time : 2.816905745999975 
DLL 2020-11-04 07:46:27.751028 - (0,) train_items_per_sec : 58423.67614063002 
DLL 2020-11-04 07:46:27.751133 - (0,) train_loss : 46.612213134765625 
DLL 2020-11-04 07:46:27.751155 - (0,) train_epoch_time : 25.539123259000917 
/opt/conda/lib/python3.6/site-packages/torch/distributed/distributed_c10d.py:126: UserWarning: torch.distributed.reduce_op is deprecated, please use torch.distributed.ReduceOp instead
  warnings.warn("torch.distributed.reduce_op is deprecated, please use "
/opt/conda/lib/python3.6/site-packages/torch/functional.py:1242: UserWarning: torch.norm is deprecated and may be removed in a future PyTorch release. Use torch.linalg.norm instead.
  "torch.norm is deprecated and may be removed in a future PyTorch release. "
/opt/conda/lib/python3.6/site-packages/torch/distributed/distributed_c10d.py:126: UserWarning: torch.distributed.reduce_op is deprecated, please use torch.distributed.ReduceOp instead
  warnings.warn("torch.distributed.reduce_op is deprecated, please use "
/opt/conda/lib/python3.6/site-packages/torch/functional.py:1242: UserWarning: torch.norm is deprecated and may be removed in a future PyTorch release. Use torch.linalg.norm instead.
  "torch.norm is deprecated and may be removed in a future PyTorch release. "
/opt/conda/lib/python3.6/site-packages/torch/distributed/distributed_c10d.py:126: UserWarning: torch.distributed.reduce_op is deprecated, please use torch.distributed.ReduceOp instead
  warnings.warn("torch.distributed.reduce_op is deprecated, please use "
/opt/conda/lib/python3.6/site-packages/torch/functional.py:1242: UserWarning: torch.norm is deprecated and may be removed in a future PyTorch release. Use torch.linalg.norm instead.
  "torch.norm is deprecated and may be removed in a future PyTorch release. "
/opt/conda/lib/python3.6/site-packages/torch/distributed/distributed_c10d.py:126: UserWarning: torch.distributed.reduce_op is deprecated, please use torch.distributed.ReduceOp instead
  warnings.warn("torch.distributed.reduce_op is deprecated, please use "
/opt/conda/lib/python3.6/site-packages/torch/functional.py:1242: UserWarning: torch.norm is deprecated and may be removed in a future PyTorch release. Use torch.linalg.norm instead.
  "torch.norm is deprecated and may be removed in a future PyTorch release. "
DLL 2020-11-04 07:46:29.161144 - (0, 2, 0) val_items_per_sec : 66674.15965752937 
DLL 2020-11-04 07:46:29.228485 - (0,) val_loss : 47.071231842041016 
DLL 2020-11-04 07:46:29.228576 - (0,) val_items_per_sec : 66674.15965752937 
Saving model and optimizer state at epoch 0 to ./checkpoint_Tacotron2_0.pt
DLL 2020-11-04 07:46:32.137457 - (1, 0) glob_iter/iters_per_epoch : 2/2 
DLL 2020-11-04 07:46:33.202568 - (1, 0) train_loss : 45.81621551513672 
DLL 2020-11-04 07:46:34.512169 - (1, 0) train_items_per_sec : 119145.94603588848 
DLL 2020-11-04 07:46:34.512279 - (1, 0) train_iter_time : 2.3747597749970737 
DLL 2020-11-04 07:46:34.526661 - (1, 1) glob_iter/iters_per_epoch : 3/2 
DLL 2020-11-04 07:46:35.602393 - (1, 1) train_loss : 48.50625228881836 
DLL 2020-11-04 07:46:36.907034 - (1, 1) train_items_per_sec : 126056.082870489 
DLL 2020-11-04 07:46:36.907138 - (1, 1) train_iter_time : 2.3803849300020374 
DLL 2020-11-04 07:46:36.991474 - (1,) train_items_per_sec : 122601.01445318875 
DLL 2020-11-04 07:46:36.991816 - (1,) train_loss : 48.50625228881836 
DLL 2020-11-04 07:46:36.991865 - (1,) train_epoch_time : 7.259481539000262 
DLL 2020-11-04 07:46:38.403759 - (1, 4, 0) val_items_per_sec : 69500.33428254873 
DLL 2020-11-04 07:46:38.479955 - (1,) val_loss : 47.059059143066406 
DLL 2020-11-04 07:46:38.479997 - (1,) val_items_per_sec : 69500.33428254873 
DLL 2020-11-04 07:46:41.056608 - (2, 0) glob_iter/iters_per_epoch : 4/2 
DLL 2020-11-04 07:46:42.159615 - (2, 0) train_loss : 47.494171142578125 
DLL 2020-11-04 07:46:43.516530 - (2, 0) train_items_per_sec : 119690.33684843146 
DLL 2020-11-04 07:46:43.516659 - (2, 0) train_iter_time : 2.4599730249974527 
DLL 2020-11-04 07:46:43.539432 - (2, 1) glob_iter/iters_per_epoch : 5/2 
DLL 2020-11-04 07:46:44.628505 - (2, 1) train_loss : 46.433311462402344 
DLL 2020-11-04 07:46:45.920453 - (2, 1) train_items_per_sec : 120631.73496070754 
DLL 2020-11-04 07:46:45.920553 - (2, 1) train_iter_time : 2.3810484040004667 
DLL 2020-11-04 07:46:46.004274 - (2,) train_items_per_sec : 120161.0359045695 
DLL 2020-11-04 07:46:46.004312 - (2,) train_loss : 46.433311462402344 
DLL 2020-11-04 07:46:46.004333 - (2,) train_epoch_time : 7.52287906499987 
DLL 2020-11-04 07:46:47.426339 - (2, 6, 0) val_items_per_sec : 68778.66586435176 
DLL 2020-11-04 07:46:47.498598 - (2,) val_loss : 47.04682922363281 
DLL 2020-11-04 07:46:47.498767 - (2,) val_items_per_sec : 68778.66586435176 
DLL 2020-11-04 07:46:47.501984 - () run_time : 59.0760356589999 
DLL 2020-11-04 07:46:47.502083 - () val_loss : 47.04682922363281 
DLL 2020-11-04 07:46:47.502141 - () train_items_per_sec : 120161.0359045695 
DONE!
