DLL 2024-08-02 13:28:49.174466 - PARAMETER output : ./ 
DLL 2024-08-02 13:28:49.174517 - PARAMETER dataset_path : /data/tacotron2/LJSpeech-1.1 
DLL 2024-08-02 13:28:49.174532 - PARAMETER model_name : Tacotron2 
DLL 2024-08-02 13:28:49.174541 - PARAMETER log_file : nvlog.json 
DLL 2024-08-02 13:28:49.174549 - PARAMETER anneal_steps : None 
DLL 2024-08-02 13:28:49.174558 - PARAMETER anneal_factor : 0.1 
DLL 2024-08-02 13:28:49.174568 - PARAMETER config_file : None 
DLL 2024-08-02 13:28:49.174577 - PARAMETER seed : None 
DLL 2024-08-02 13:28:49.174584 - PARAMETER epochs : 2 
DLL 2024-08-02 13:28:49.174593 - PARAMETER epochs_per_checkpoint : 50 
DLL 2024-08-02 13:28:49.174600 - PARAMETER checkpoint_path :  
DLL 2024-08-02 13:28:49.174608 - PARAMETER resume_from_last : False 
DLL 2024-08-02 13:28:49.174617 - PARAMETER dynamic_loss_scaling : True 
DLL 2024-08-02 13:28:49.174625 - PARAMETER amp : False 
DLL 2024-08-02 13:28:49.174632 - PARAMETER cudnn_enabled : True 
DLL 2024-08-02 13:28:49.174640 - PARAMETER cudnn_benchmark : False 
DLL 2024-08-02 13:28:49.174647 - PARAMETER disable_uniform_initialize_bn_weight : False 
DLL 2024-08-02 13:28:49.174655 - PARAMETER use_saved_learning_rate : False 
DLL 2024-08-02 13:28:49.174662 - PARAMETER learning_rate : 0.0 
DLL 2024-08-02 13:28:49.174670 - PARAMETER weight_decay : 1e-06 
DLL 2024-08-02 13:28:49.174679 - PARAMETER grad_clip_thresh : 1.0 
DLL 2024-08-02 13:28:49.174687 - PARAMETER batch_size : 512 
DLL 2024-08-02 13:28:49.174695 - PARAMETER grad_clip : 5.0 
DLL 2024-08-02 13:28:49.174707 - PARAMETER load_mel_from_disk : False 
DLL 2024-08-02 13:28:49.174715 - PARAMETER training_files : filelists/ljs_audio_text_train_subset_625_filelist.txt 
DLL 2024-08-02 13:28:49.174724 - PARAMETER validation_files : filelists/ljs_audio_text_val_filelist.txt 
DLL 2024-08-02 13:28:49.174732 - PARAMETER text_cleaners : ['english_cleaners'] 
DLL 2024-08-02 13:28:49.174742 - PARAMETER max_wav_value : 32768.0 
DLL 2024-08-02 13:28:49.174751 - PARAMETER sampling_rate : 22050 
DLL 2024-08-02 13:28:49.174759 - PARAMETER filter_length : 1024 
DLL 2024-08-02 13:28:49.174766 - PARAMETER hop_length : 256 
DLL 2024-08-02 13:28:49.174774 - PARAMETER win_length : 1024 
DLL 2024-08-02 13:28:49.174781 - PARAMETER mel_fmin : 0.0 
DLL 2024-08-02 13:28:49.174789 - PARAMETER mel_fmax : 8000.0 
DLL 2024-08-02 13:28:49.174796 - PARAMETER rank : 0 
DLL 2024-08-02 13:28:49.174804 - PARAMETER world_size : 1 
DLL 2024-08-02 13:28:49.174812 - PARAMETER dist_url : tcp://localhost:23456 
DLL 2024-08-02 13:28:49.174819 - PARAMETER group_name : group_name 
DLL 2024-08-02 13:28:49.174827 - PARAMETER dist_backend : nccl 
DLL 2024-08-02 13:28:49.174834 - PARAMETER bench_class :  
DLL 2024-08-02 13:28:49.174842 - PARAMETER model_name : Tacotron2_PyT 
DLL 2024-08-02 13:29:02.043713 - (0, 0) glob_iter/iters_per_epoch : 0/1 
DLL 2024-08-02 13:29:05.256917 - (0, 0) train_loss : 46.80714416503906 
DLL 2024-08-02 13:29:07.135786 - (0, 0) train_items_per_sec : 57008.67100400047 items/s
DLL 2024-08-02 13:29:07.135921 - (0, 0) train_iter_time : 5.092225356027484 
DLL 2024-08-02 13:29:07.181398 - (0,) train_items_per_sec : 57008.67100400047 items/s
DLL 2024-08-02 13:29:07.181562 - (0,) train_loss : 46.80714416503906 
DLL 2024-08-02 13:29:07.181636 - (0,) train_epoch_time : 13.170008528977633 
DLL 2024-08-02 13:29:10.662599 - (0, 1, 0) val_items_per_sec : 82614.196247886 items/s
DLL 2024-08-02 13:29:10.730128 - (0,) val_loss : 45.409202575683594 None
DLL 2024-08-02 13:29:10.730219 - (0,) val_items_per_sec : 82614.196247886 items/s
Saving model and optimizer state at epoch 0 to ./checkpoint_Tacotron2_0.pt
Updating symlink ./checkpoint_Tacotron2_last.pt to point to checkpoint_Tacotron2_0.pt
DLL 2024-08-02 13:29:22.951775 - (1, 0) glob_iter/iters_per_epoch : 1/1 
DLL 2024-08-02 13:29:23.726048 - (1, 0) train_loss : 46.95103073120117 
DLL 2024-08-02 13:29:25.276168 - (1, 0) train_items_per_sec : 124856.2317198577 items/s
DLL 2024-08-02 13:29:25.276269 - (1, 0) train_iter_time : 2.32449751207605 
DLL 2024-08-02 13:29:25.370181 - (1,) train_items_per_sec : 124856.2317198577 items/s
DLL 2024-08-02 13:29:25.370394 - (1,) train_loss : 46.95103073120117 
DLL 2024-08-02 13:29:25.370482 - (1,) train_epoch_time : 13.855367143871263 
DLL 2024-08-02 13:29:28.799147 - (1, 2, 0) val_items_per_sec : 80199.32832979795 items/s
DLL 2024-08-02 13:29:28.898371 - (1,) val_loss : 45.40545654296875 None
DLL 2024-08-02 13:29:28.898449 - (1,) val_items_per_sec : 80199.32832979795 items/s
DLL 2024-08-02 13:29:28.904968 - () run_time : 36.06685129995458 s
DLL 2024-08-02 13:29:28.905016 - () val_loss : 45.40545654296875 None
DLL 2024-08-02 13:29:28.905044 - () train_loss : 46.95103073120117 
DLL 2024-08-02 13:29:28.905064 - () train_items_per_sec : 124856.2317198577 items/s
DLL 2024-08-02 13:29:28.905083 - () val_items_per_sec : 80199.32832979795 items/s
DONE!
