DLL 2024-07-28 11:03:52.811354 - PARAMETER output : ./ 
DLL 2024-07-28 11:03:52.811419 - PARAMETER dataset_path : /data/tacotron2/LJSpeech-1.1 
DLL 2024-07-28 11:03:52.811439 - PARAMETER model_name : Tacotron2 
DLL 2024-07-28 11:03:52.811453 - PARAMETER log_file : nvlog.json 
DLL 2024-07-28 11:03:52.811465 - PARAMETER anneal_steps : None 
DLL 2024-07-28 11:03:52.811477 - PARAMETER anneal_factor : 0.1 
DLL 2024-07-28 11:03:52.811491 - PARAMETER config_file : None 
DLL 2024-07-28 11:03:52.811502 - PARAMETER seed : None 
DLL 2024-07-28 11:03:52.811514 - PARAMETER epochs : 3 
DLL 2024-07-28 11:03:52.811526 - PARAMETER epochs_per_checkpoint : 50 
DLL 2024-07-28 11:03:52.811538 - PARAMETER checkpoint_path :  
DLL 2024-07-28 11:03:52.811549 - PARAMETER resume_from_last : False 
DLL 2024-07-28 11:03:52.811561 - PARAMETER dynamic_loss_scaling : True 
DLL 2024-07-28 11:03:52.811572 - PARAMETER amp : False 
DLL 2024-07-28 11:03:52.811583 - PARAMETER cudnn_enabled : True 
DLL 2024-07-28 11:03:52.811594 - PARAMETER cudnn_benchmark : False 
DLL 2024-07-28 11:03:52.811604 - PARAMETER disable_uniform_initialize_bn_weight : False 
DLL 2024-07-28 11:03:52.811615 - PARAMETER use_saved_learning_rate : False 
DLL 2024-07-28 11:03:52.811626 - PARAMETER learning_rate : 0.0 
DLL 2024-07-28 11:03:52.811638 - PARAMETER weight_decay : 1e-06 
DLL 2024-07-28 11:03:52.811650 - PARAMETER grad_clip_thresh : 1.0 
DLL 2024-07-28 11:03:52.811662 - PARAMETER batch_size : 256 
DLL 2024-07-28 11:03:52.811673 - PARAMETER grad_clip : 5.0 
DLL 2024-07-28 11:03:52.811684 - PARAMETER load_mel_from_disk : False 
DLL 2024-07-28 11:03:52.811694 - PARAMETER training_files : filelists/ljs_audio_text_train_subset_2500_filelist.txt 
DLL 2024-07-28 11:03:52.811705 - PARAMETER validation_files : filelists/ljs_audio_text_val_filelist.txt 
DLL 2024-07-28 11:03:52.811716 - PARAMETER text_cleaners : ['english_cleaners'] 
DLL 2024-07-28 11:03:52.811731 - PARAMETER max_wav_value : 32768.0 
DLL 2024-07-28 11:03:52.811742 - PARAMETER sampling_rate : 22050 
DLL 2024-07-28 11:03:52.811753 - PARAMETER filter_length : 1024 
DLL 2024-07-28 11:03:52.811766 - PARAMETER hop_length : 256 
DLL 2024-07-28 11:03:52.811777 - PARAMETER win_length : 1024 
DLL 2024-07-28 11:03:52.811787 - PARAMETER mel_fmin : 0.0 
DLL 2024-07-28 11:03:52.811798 - PARAMETER mel_fmax : 8000.0 
DLL 2024-07-28 11:03:52.811809 - PARAMETER rank : 0 
DLL 2024-07-28 11:03:52.811820 - PARAMETER world_size : 8 
DLL 2024-07-28 11:03:52.811831 - PARAMETER dist_url : tcp://localhost:23456 
DLL 2024-07-28 11:03:52.811841 - PARAMETER group_name : group_name 
DLL 2024-07-28 11:03:52.811852 - PARAMETER dist_backend : nccl 
DLL 2024-07-28 11:03:52.811863 - PARAMETER bench_class :  
DLL 2024-07-28 11:03:52.811874 - PARAMETER model_name : Tacotron2_PyT 
Initializing Distributed
Done initializing distributed
DLL 2024-07-28 11:04:20.014227 - (0, 0) glob_iter/iters_per_epoch : 0/1 
DLL 2024-07-28 11:04:24.826404 - (0, 0) train_loss : 46.486228942871094 
DLL 2024-07-28 11:04:26.229997 - (0, 0) train_items_per_sec : 186420.56191861696 items/s
DLL 2024-07-28 11:04:26.230120 - (0, 0) train_iter_time : 6.215848660009215 
DLL 2024-07-28 11:04:26.269577 - (0,) train_items_per_sec : 186420.56191861696 items/s
DLL 2024-07-28 11:04:26.269682 - (0,) train_loss : 46.486228942871094 
DLL 2024-07-28 11:04:26.269706 - (0,) train_epoch_time : 11.677945818999433 
DLL 2024-07-28 11:04:27.226067 - (0, 1, 0) val_items_per_sec : 84484.5041910642 items/s
DLL 2024-07-28 11:04:27.262234 - (0,) val_loss : 48.08401107788086 None
DLL 2024-07-28 11:04:27.262303 - (0,) val_items_per_sec : 84484.5041910642 items/s
Saving model and optimizer state at epoch 0 to ./checkpoint_Tacotron2_0.pt
Updating symlink ./checkpoint_Tacotron2_last.pt to point to checkpoint_Tacotron2_0.pt
DLL 2024-07-28 11:04:33.545113 - (1, 0) glob_iter/iters_per_epoch : 1/1 
DLL 2024-07-28 11:04:34.367727 - (1, 0) train_loss : 46.19207000732422 
DLL 2024-07-28 11:04:35.643211 - (1, 0) train_items_per_sec : 548081.587000753 items/s
DLL 2024-07-28 11:04:35.643358 - (1, 0) train_iter_time : 2.098151127996971 
DLL 2024-07-28 11:04:35.726393 - (1,) train_items_per_sec : 548081.587000753 items/s
DLL 2024-07-28 11:04:35.726510 - (1,) train_loss : 46.19207000732422 
DLL 2024-07-28 11:04:35.726536 - (1,) train_epoch_time : 7.782389077998232 
DLL 2024-07-28 11:04:36.618235 - (1, 2, 0) val_items_per_sec : 94965.2998390621 items/s
DLL 2024-07-28 11:04:36.664909 - (1,) val_loss : 48.080657958984375 None
DLL 2024-07-28 11:04:36.664984 - (1,) val_items_per_sec : 94965.2998390621 items/s
DLL 2024-07-28 11:04:42.378690 - (2, 0) glob_iter/iters_per_epoch : 2/1 
DLL 2024-07-28 11:04:43.319857 - (2, 0) train_loss : 46.552040100097656 
DLL 2024-07-28 11:04:44.456569 - (2, 0) train_items_per_sec : 558224.0291726448 items/s
DLL 2024-07-28 11:04:44.456677 - (2, 0) train_iter_time : 2.0779453040013323 
DLL 2024-07-28 11:04:44.571336 - (2,) train_items_per_sec : 558224.0291726448 items/s
DLL 2024-07-28 11:04:44.571450 - (2,) train_loss : 46.552040100097656 
DLL 2024-07-28 11:04:44.571475 - (2,) train_epoch_time : 7.904929012991488 
DLL 2024-07-28 11:04:45.534933 - (2, 3, 0) val_items_per_sec : 93479.68568861806 items/s
DLL 2024-07-28 11:04:45.584652 - (2,) val_loss : 48.076210021972656 None
DLL 2024-07-28 11:04:45.584723 - (2,) val_items_per_sec : 93479.68568861806 items/s
DLL 2024-07-28 11:04:45.586114 - () run_time : 45.99396894099482 s
DLL 2024-07-28 11:04:45.586156 - () val_loss : 48.076210021972656 None
DLL 2024-07-28 11:04:45.586178 - () train_loss : 46.552040100097656 
DLL 2024-07-28 11:04:45.586196 - () train_items_per_sec : 558224.0291726448 items/s
DLL 2024-07-28 11:04:45.586212 - () val_items_per_sec : 93479.68568861806 items/s
DONE!
