DLL 2024-07-28 09:34:20.784125 - PARAMETER output : ./ 
DLL 2024-07-28 09:34:20.784181 - PARAMETER dataset_path : /data/tacotron2/LJSpeech-1.1 
DLL 2024-07-28 09:34:20.784202 - PARAMETER model_name : Tacotron2 
DLL 2024-07-28 09:34:20.784217 - PARAMETER log_file : nvlog.json 
DLL 2024-07-28 09:34:20.784229 - PARAMETER anneal_steps : None 
DLL 2024-07-28 09:34:20.784242 - PARAMETER anneal_factor : 0.1 
DLL 2024-07-28 09:34:20.784255 - PARAMETER config_file : None 
DLL 2024-07-28 09:34:20.784266 - PARAMETER seed : None 
DLL 2024-07-28 09:34:20.784277 - PARAMETER epochs : 2 
DLL 2024-07-28 09:34:20.784288 - PARAMETER epochs_per_checkpoint : 50 
DLL 2024-07-28 09:34:20.784300 - PARAMETER checkpoint_path :  
DLL 2024-07-28 09:34:20.784311 - PARAMETER resume_from_last : False 
DLL 2024-07-28 09:34:20.784324 - PARAMETER dynamic_loss_scaling : True 
DLL 2024-07-28 09:34:20.784335 - PARAMETER amp : False 
DLL 2024-07-28 09:34:20.784345 - PARAMETER cudnn_enabled : True 
DLL 2024-07-28 09:34:20.784356 - PARAMETER cudnn_benchmark : False 
DLL 2024-07-28 09:34:20.784368 - PARAMETER disable_uniform_initialize_bn_weight : False 
DLL 2024-07-28 09:34:20.784379 - PARAMETER use_saved_learning_rate : False 
DLL 2024-07-28 09:34:20.784394 - PARAMETER learning_rate : 0.0 
DLL 2024-07-28 09:34:20.784419 - PARAMETER weight_decay : 1e-06 
DLL 2024-07-28 09:34:20.784433 - PARAMETER grad_clip_thresh : 1.0 
DLL 2024-07-28 09:34:20.784444 - PARAMETER batch_size : 256 
DLL 2024-07-28 09:34:20.784455 - PARAMETER grad_clip : 5.0 
DLL 2024-07-28 09:34:20.784466 - PARAMETER load_mel_from_disk : False 
DLL 2024-07-28 09:34:20.784477 - PARAMETER training_files : filelists/ljs_audio_text_train_subset_625_filelist.txt 
DLL 2024-07-28 09:34:20.784488 - PARAMETER validation_files : filelists/ljs_audio_text_val_filelist.txt 
DLL 2024-07-28 09:34:20.784502 - PARAMETER text_cleaners : ['english_cleaners'] 
DLL 2024-07-28 09:34:20.784517 - PARAMETER max_wav_value : 32768.0 
DLL 2024-07-28 09:34:20.784528 - PARAMETER sampling_rate : 22050 
DLL 2024-07-28 09:34:20.784539 - PARAMETER filter_length : 1024 
DLL 2024-07-28 09:34:20.784550 - PARAMETER hop_length : 256 
DLL 2024-07-28 09:34:20.784561 - PARAMETER win_length : 1024 
DLL 2024-07-28 09:34:20.784572 - PARAMETER mel_fmin : 0.0 
DLL 2024-07-28 09:34:20.784583 - PARAMETER mel_fmax : 8000.0 
DLL 2024-07-28 09:34:20.784593 - PARAMETER rank : 0 
DLL 2024-07-28 09:34:20.784604 - PARAMETER world_size : 1 
DLL 2024-07-28 09:34:20.784615 - PARAMETER dist_url : tcp://localhost:23456 
DLL 2024-07-28 09:34:20.784625 - PARAMETER group_name : group_name 
DLL 2024-07-28 09:34:20.784636 - PARAMETER dist_backend : nccl 
DLL 2024-07-28 09:34:20.784647 - PARAMETER bench_class :  
DLL 2024-07-28 09:34:20.784658 - PARAMETER model_name : Tacotron2_PyT 
DLL 2024-07-28 09:34:30.093339 - (0, 0) glob_iter/iters_per_epoch : 0/2 
DLL 2024-07-28 09:34:32.147043 - (0, 0) train_loss : 46.66571044921875 
DLL 2024-07-28 09:34:33.475813 - (0, 0) train_items_per_sec : 43064.00215075624 items/s
DLL 2024-07-28 09:34:33.475919 - (0, 0) train_iter_time : 3.3825467379938345 
DLL 2024-07-28 09:34:33.489173 - (0, 1) glob_iter/iters_per_epoch : 1/2 
DLL 2024-07-28 09:34:34.117718 - (0, 1) train_loss : 47.44965362548828 
DLL 2024-07-28 09:34:35.212476 - (0, 1) train_items_per_sec : 85071.5217001962 items/s
DLL 2024-07-28 09:34:35.212630 - (0, 1) train_iter_time : 1.723326409002766 
DLL 2024-07-28 09:34:35.243423 - (0,) train_items_per_sec : 64067.761925476225 items/s
DLL 2024-07-28 09:34:35.243487 - (0,) train_loss : 47.44965362548828 
DLL 2024-07-28 09:34:35.243508 - (0,) train_epoch_time : 10.267342043996905 
DLL 2024-07-28 09:34:37.811555 - (0, 2, 0) val_items_per_sec : 104750.6804419236 items/s
DLL 2024-07-28 09:34:37.855375 - (0,) val_loss : 45.30390930175781 None
DLL 2024-07-28 09:34:37.855434 - (0,) val_items_per_sec : 104750.6804419236 items/s
Saving model and optimizer state at epoch 0 to ./checkpoint_Tacotron2_0.pt
Updating symlink ./checkpoint_Tacotron2_last.pt to point to checkpoint_Tacotron2_0.pt
DLL 2024-07-28 09:34:43.589496 - (1, 0) glob_iter/iters_per_epoch : 2/2 
DLL 2024-07-28 09:34:44.308124 - (1, 0) train_loss : 46.55389404296875 
DLL 2024-07-28 09:34:45.398041 - (1, 0) train_items_per_sec : 79825.78277146841 items/s
DLL 2024-07-28 09:34:45.398112 - (1, 0) train_iter_time : 1.808626172991353 
DLL 2024-07-28 09:34:45.411073 - (1, 1) glob_iter/iters_per_epoch : 3/2 
DLL 2024-07-28 09:34:46.078839 - (1, 1) train_loss : 46.069786071777344 
DLL 2024-07-28 09:34:47.163082 - (1, 1) train_items_per_sec : 81759.92247605376 items/s
DLL 2024-07-28 09:34:47.163164 - (1, 1) train_iter_time : 1.7520197630074108 
DLL 2024-07-28 09:34:47.232404 - (1,) train_items_per_sec : 80792.85262376108 items/s
DLL 2024-07-28 09:34:47.232468 - (1,) train_loss : 46.069786071777344 
DLL 2024-07-28 09:34:47.232489 - (1,) train_epoch_time : 8.863814791999175 
DLL 2024-07-28 09:34:49.791609 - (1, 4, 0) val_items_per_sec : 105769.84352603107 items/s
DLL 2024-07-28 09:34:49.838146 - (1,) val_loss : 45.27829360961914 None
DLL 2024-07-28 09:34:49.838204 - (1,) val_items_per_sec : 105769.84352603107 items/s
DLL 2024-07-28 09:34:49.842250 - () run_time : 26.24151786400762 s
DLL 2024-07-28 09:34:49.842303 - () val_loss : 45.27829360961914 None
DLL 2024-07-28 09:34:49.842323 - () train_loss : 46.069786071777344 
DLL 2024-07-28 09:34:49.842339 - () train_items_per_sec : 80792.85262376108 items/s
DLL 2024-07-28 09:34:49.842353 - () val_items_per_sec : 105769.84352603107 items/s
DONE!
