DLL 2024-07-28 09:42:15.011171 - PARAMETER output : ./ 
DLL 2024-07-28 09:42:15.011224 - PARAMETER dataset_path : /data/tacotron2/LJSpeech-1.1 
DLL 2024-07-28 09:42:15.011239 - PARAMETER model_name : Tacotron2 
DLL 2024-07-28 09:42:15.011250 - PARAMETER log_file : nvlog.json 
DLL 2024-07-28 09:42:15.011259 - PARAMETER anneal_steps : None 
DLL 2024-07-28 09:42:15.011268 - PARAMETER anneal_factor : 0.1 
DLL 2024-07-28 09:42:15.011279 - PARAMETER config_file : None 
DLL 2024-07-28 09:42:15.011287 - PARAMETER seed : None 
DLL 2024-07-28 09:42:15.011295 - PARAMETER epochs : 3 
DLL 2024-07-28 09:42:15.011304 - PARAMETER epochs_per_checkpoint : 50 
DLL 2024-07-28 09:42:15.011313 - PARAMETER checkpoint_path :  
DLL 2024-07-28 09:42:15.011322 - PARAMETER resume_from_last : False 
DLL 2024-07-28 09:42:15.011331 - PARAMETER dynamic_loss_scaling : True 
DLL 2024-07-28 09:42:15.011340 - PARAMETER amp : False 
DLL 2024-07-28 09:42:15.011349 - PARAMETER cudnn_enabled : True 
DLL 2024-07-28 09:42:15.011357 - PARAMETER cudnn_benchmark : False 
DLL 2024-07-28 09:42:15.011366 - PARAMETER disable_uniform_initialize_bn_weight : False 
DLL 2024-07-28 09:42:15.011375 - PARAMETER use_saved_learning_rate : False 
DLL 2024-07-28 09:42:15.011383 - PARAMETER learning_rate : 0.0 
DLL 2024-07-28 09:42:15.011392 - PARAMETER weight_decay : 1e-06 
DLL 2024-07-28 09:42:15.011402 - PARAMETER grad_clip_thresh : 1.0 
DLL 2024-07-28 09:42:15.011410 - PARAMETER batch_size : 256 
DLL 2024-07-28 09:42:15.011419 - PARAMETER grad_clip : 5.0 
DLL 2024-07-28 09:42:15.011428 - PARAMETER load_mel_from_disk : False 
DLL 2024-07-28 09:42:15.011436 - PARAMETER training_files : filelists/ljs_audio_text_train_subset_625_filelist.txt 
DLL 2024-07-28 09:42:15.011445 - PARAMETER validation_files : filelists/ljs_audio_text_val_filelist.txt 
DLL 2024-07-28 09:42:15.011456 - PARAMETER text_cleaners : ['english_cleaners'] 
DLL 2024-07-28 09:42:15.011468 - PARAMETER max_wav_value : 32768.0 
DLL 2024-07-28 09:42:15.011477 - PARAMETER sampling_rate : 22050 
DLL 2024-07-28 09:42:15.011485 - PARAMETER filter_length : 1024 
DLL 2024-07-28 09:42:15.011493 - PARAMETER hop_length : 256 
DLL 2024-07-28 09:42:15.011502 - PARAMETER win_length : 1024 
DLL 2024-07-28 09:42:15.011510 - PARAMETER mel_fmin : 0.0 
DLL 2024-07-28 09:42:15.011518 - PARAMETER mel_fmax : 8000.0 
DLL 2024-07-28 09:42:15.011526 - PARAMETER rank : 0 
DLL 2024-07-28 09:42:15.011535 - PARAMETER world_size : 1 
DLL 2024-07-28 09:42:15.011543 - PARAMETER dist_url : tcp://localhost:23456 
DLL 2024-07-28 09:42:15.011551 - PARAMETER group_name : group_name 
DLL 2024-07-28 09:42:15.011560 - PARAMETER dist_backend : nccl 
DLL 2024-07-28 09:42:15.011568 - PARAMETER bench_class :  
DLL 2024-07-28 09:42:15.011576 - PARAMETER model_name : Tacotron2_PyT 
DLL 2024-07-28 09:42:22.659486 - (0, 0) glob_iter/iters_per_epoch : 0/2 
DLL 2024-07-28 09:42:24.448849 - (0, 0) train_loss : 45.33326721191406 
DLL 2024-07-28 09:42:25.739282 - (0, 0) train_items_per_sec : 46012.271088950045 items/s
DLL 2024-07-28 09:42:25.739369 - (0, 0) train_iter_time : 3.079852323004161 
DLL 2024-07-28 09:42:25.752323 - (0, 1) glob_iter/iters_per_epoch : 1/2 
DLL 2024-07-28 09:42:26.223049 - (0, 1) train_loss : 47.24312973022461 
DLL 2024-07-28 09:42:27.323396 - (0, 1) train_items_per_sec : 92929.64721726229 items/s
DLL 2024-07-28 09:42:27.323464 - (0, 1) train_iter_time : 1.5711347710021073 
DLL 2024-07-28 09:42:27.350038 - (0,) train_items_per_sec : 69470.95915310617 items/s
DLL 2024-07-28 09:42:27.350097 - (0,) train_loss : 47.24312973022461 
DLL 2024-07-28 09:42:27.350114 - (0,) train_epoch_time : 8.23668083899247 
DLL 2024-07-28 09:42:29.237556 - (0, 2, 0) val_items_per_sec : 131238.12833082242 items/s
DLL 2024-07-28 09:42:29.278324 - (0,) val_loss : 45.477909088134766 None
DLL 2024-07-28 09:42:29.278377 - (0,) val_items_per_sec : 131238.12833082242 items/s
Saving model and optimizer state at epoch 0 to ./checkpoint_Tacotron2_0.pt
Updating symlink ./checkpoint_Tacotron2_last.pt to point to checkpoint_Tacotron2_0.pt
DLL 2024-07-28 09:42:33.666341 - (1, 0) glob_iter/iters_per_epoch : 2/2 
DLL 2024-07-28 09:42:34.231298 - (1, 0) train_loss : 46.535396575927734 
DLL 2024-07-28 09:42:35.338757 - (1, 0) train_items_per_sec : 86314.34434198789 items/s
DLL 2024-07-28 09:42:35.338836 - (1, 0) train_iter_time : 1.6724682450003456 
DLL 2024-07-28 09:42:35.345183 - (1, 1) glob_iter/iters_per_epoch : 3/2 
DLL 2024-07-28 09:42:35.822736 - (1, 1) train_loss : 46.36341094970703 
DLL 2024-07-28 09:42:36.923118 - (1, 1) train_items_per_sec : 91518.5345309257 items/s
DLL 2024-07-28 09:42:36.923197 - (1, 1) train_iter_time : 1.5779426619992591 
DLL 2024-07-28 09:42:36.979382 - (1,) train_items_per_sec : 88916.4394364568 items/s
DLL 2024-07-28 09:42:36.979468 - (1,) train_loss : 46.36341094970703 
DLL 2024-07-28 09:42:36.979485 - (1,) train_epoch_time : 7.210193014994729 
DLL 2024-07-28 09:42:38.832043 - (1, 4, 0) val_items_per_sec : 133193.5770167794 items/s
DLL 2024-07-28 09:42:38.879256 - (1,) val_loss : 45.472171783447266 None
DLL 2024-07-28 09:42:38.879313 - (1,) val_items_per_sec : 133193.5770167794 items/s
DLL 2024-07-28 09:42:42.782958 - (2, 0) glob_iter/iters_per_epoch : 4/2 
DLL 2024-07-28 09:42:43.471463 - (2, 0) train_loss : 47.935203552246094 
DLL 2024-07-28 09:42:44.574981 - (2, 0) train_items_per_sec : 83117.47901324679 items/s
DLL 2024-07-28 09:42:44.575055 - (2, 0) train_iter_time : 1.792065902001923 
DLL 2024-07-28 09:42:44.581273 - (2, 1) glob_iter/iters_per_epoch : 5/2 
DLL 2024-07-28 09:42:45.058851 - (2, 1) train_loss : 44.65810012817383 
DLL 2024-07-28 09:42:46.163967 - (2, 1) train_items_per_sec : 87797.09698832796 items/s
DLL 2024-07-28 09:42:46.164032 - (2, 1) train_iter_time : 1.5827060890005669 
DLL 2024-07-28 09:42:46.219650 - (2,) train_items_per_sec : 85457.28800078738 items/s
DLL 2024-07-28 09:42:46.219736 - (2,) train_loss : 44.65810012817383 
DLL 2024-07-28 09:42:46.219753 - (2,) train_epoch_time : 7.337020880004275 
DLL 2024-07-28 09:42:48.053265 - (2, 6, 0) val_items_per_sec : 137481.365799078 items/s
DLL 2024-07-28 09:42:48.097869 - (2,) val_loss : 45.470130920410156 None
DLL 2024-07-28 09:42:48.097927 - (2,) val_items_per_sec : 137481.365799078 items/s
DLL 2024-07-28 09:42:48.101288 - () run_time : 30.260484992992133 s
DLL 2024-07-28 09:42:48.101327 - () val_loss : 45.470130920410156 None
DLL 2024-07-28 09:42:48.101344 - () train_loss : 44.65810012817383 
DLL 2024-07-28 09:42:48.101357 - () train_items_per_sec : 85457.28800078738 items/s
DLL 2024-07-28 09:42:48.101368 - () val_items_per_sec : 137481.365799078 items/s
DONE!
