DLL 2024-09-29 05:16:42.893030 - PARAMETER output : ./ 
DLL 2024-09-29 05:16:42.893081 - PARAMETER dataset_path : /data/tacotron2/LJSpeech-1.1 
DLL 2024-09-29 05:16:42.893097 - PARAMETER model_name : Tacotron2 
DLL 2024-09-29 05:16:42.893107 - PARAMETER log_file : nvlog.json 
DLL 2024-09-29 05:16:42.893116 - PARAMETER anneal_steps : None 
DLL 2024-09-29 05:16:42.893126 - PARAMETER anneal_factor : 0.1 
DLL 2024-09-29 05:16:42.893136 - PARAMETER config_file : None 
DLL 2024-09-29 05:16:42.893145 - PARAMETER seed : None 
DLL 2024-09-29 05:16:42.893153 - PARAMETER epochs : 2 
DLL 2024-09-29 05:16:42.893161 - PARAMETER epochs_per_checkpoint : 50 
DLL 2024-09-29 05:16:42.893170 - PARAMETER checkpoint_path :  
DLL 2024-09-29 05:16:42.893179 - PARAMETER resume_from_last : False 
DLL 2024-09-29 05:16:42.893188 - PARAMETER dynamic_loss_scaling : True 
DLL 2024-09-29 05:16:42.893197 - PARAMETER amp : False 
DLL 2024-09-29 05:16:42.893205 - PARAMETER cudnn_enabled : True 
DLL 2024-09-29 05:16:42.893213 - PARAMETER cudnn_benchmark : False 
DLL 2024-09-29 05:16:42.893221 - PARAMETER disable_uniform_initialize_bn_weight : False 
DLL 2024-09-29 05:16:42.893230 - PARAMETER use_saved_learning_rate : False 
DLL 2024-09-29 05:16:42.893239 - PARAMETER learning_rate : 0.0 
DLL 2024-09-29 05:16:42.893248 - PARAMETER weight_decay : 1e-06 
DLL 2024-09-29 05:16:42.893257 - PARAMETER grad_clip_thresh : 1.0 
DLL 2024-09-29 05:16:42.893265 - PARAMETER batch_size : 256 
DLL 2024-09-29 05:16:42.893274 - PARAMETER grad_clip : 5.0 
DLL 2024-09-29 05:16:42.893282 - PARAMETER load_mel_from_disk : False 
DLL 2024-09-29 05:16:42.893290 - PARAMETER training_files : filelists/ljs_audio_text_train_subset_625_filelist.txt 
DLL 2024-09-29 05:16:42.893299 - PARAMETER validation_files : filelists/ljs_audio_text_val_filelist.txt 
DLL 2024-09-29 05:16:42.893309 - PARAMETER text_cleaners : ['english_cleaners'] 
DLL 2024-09-29 05:16:42.893321 - PARAMETER max_wav_value : 32768.0 
DLL 2024-09-29 05:16:42.893329 - PARAMETER sampling_rate : 22050 
DLL 2024-09-29 05:16:42.893337 - PARAMETER filter_length : 1024 
DLL 2024-09-29 05:16:42.893345 - PARAMETER hop_length : 256 
DLL 2024-09-29 05:16:42.893353 - PARAMETER win_length : 1024 
DLL 2024-09-29 05:16:42.893361 - PARAMETER mel_fmin : 0.0 
DLL 2024-09-29 05:16:42.893370 - PARAMETER mel_fmax : 8000.0 
DLL 2024-09-29 05:16:42.893378 - PARAMETER rank : 0 
DLL 2024-09-29 05:16:42.893386 - PARAMETER world_size : 1 
DLL 2024-09-29 05:16:42.893394 - PARAMETER dist_url : tcp://localhost:23456 
DLL 2024-09-29 05:16:42.893402 - PARAMETER group_name : group_name 
DLL 2024-09-29 05:16:42.893410 - PARAMETER dist_backend : nccl 
DLL 2024-09-29 05:16:42.893419 - PARAMETER bench_class :  
DLL 2024-09-29 05:16:42.893427 - PARAMETER model_name : Tacotron2_PyT 
DLL 2024-09-29 05:16:47.973298 - (0, 0) glob_iter/iters_per_epoch : 0/2 
DLL 2024-09-29 05:16:49.358635 - (0, 0) train_loss : 46.16056442260742 
DLL 2024-09-29 05:16:50.638916 - (0, 0) train_items_per_sec : 53697.286181316784 items/s
DLL 2024-09-29 05:16:50.639001 - (0, 0) train_iter_time : 2.665684063002118 
DLL 2024-09-29 05:16:50.647330 - (0, 1) glob_iter/iters_per_epoch : 1/2 
DLL 2024-09-29 05:16:51.120877 - (0, 1) train_loss : 47.32635498046875 
DLL 2024-09-29 05:16:52.229613 - (0, 1) train_items_per_sec : 92813.20954244562 items/s
DLL 2024-09-29 05:16:52.229696 - (0, 1) train_iter_time : 1.5822963210084708 
DLL 2024-09-29 05:16:52.246487 - (0,) train_items_per_sec : 73255.2478618812 items/s
DLL 2024-09-29 05:16:52.246554 - (0,) train_loss : 47.32635498046875 
DLL 2024-09-29 05:16:52.246571 - (0,) train_epoch_time : 7.923501917000976 
DLL 2024-09-29 05:16:54.087582 - (0, 2, 0) val_items_per_sec : 139837.0147445642 items/s
DLL 2024-09-29 05:16:54.114391 - (0,) val_loss : 45.41124725341797 None
DLL 2024-09-29 05:16:54.114468 - (0,) val_items_per_sec : 139837.0147445642 items/s
Saving model and optimizer state at epoch 0 to ./checkpoint_Tacotron2_0.pt
Updating symlink ./checkpoint_Tacotron2_last.pt to point to checkpoint_Tacotron2_0.pt
DLL 2024-09-29 05:16:58.491447 - (1, 0) glob_iter/iters_per_epoch : 2/2 
DLL 2024-09-29 05:16:59.063733 - (1, 0) train_loss : 45.35000991821289 
DLL 2024-09-29 05:17:00.151043 - (1, 0) train_items_per_sec : 84513.37199469436 items/s
DLL 2024-09-29 05:17:00.151128 - (1, 0) train_iter_time : 1.6596545219945256 
DLL 2024-09-29 05:17:00.162039 - (1, 1) glob_iter/iters_per_epoch : 3/2 
DLL 2024-09-29 05:17:00.731264 - (1, 1) train_loss : 48.41376495361328 
DLL 2024-09-29 05:17:01.840413 - (1, 1) train_items_per_sec : 89447.97080077155 items/s
DLL 2024-09-29 05:17:01.840499 - (1, 1) train_iter_time : 1.6783835189999081 
DLL 2024-09-29 05:17:01.885446 - (1,) train_items_per_sec : 86980.67139773295 items/s
DLL 2024-09-29 05:17:01.885527 - (1,) train_loss : 48.41376495361328 
DLL 2024-09-29 05:17:01.885544 - (1,) train_epoch_time : 7.2292769820051035 
DLL 2024-09-29 05:17:03.724029 - (1, 4, 0) val_items_per_sec : 150114.32828930754 items/s
DLL 2024-09-29 05:17:03.757169 - (1,) val_loss : 45.40837097167969 None
DLL 2024-09-29 05:17:03.757244 - (1,) val_items_per_sec : 150114.32828930754 items/s
DLL 2024-09-29 05:17:03.761749 - () run_time : 20.521516644002986 s
DLL 2024-09-29 05:17:03.761793 - () val_loss : 45.40837097167969 None
DLL 2024-09-29 05:17:03.761813 - () train_loss : 48.41376495361328 
DLL 2024-09-29 05:17:03.761828 - () train_items_per_sec : 86980.67139773295 items/s
DLL 2024-09-29 05:17:03.761842 - () val_items_per_sec : 150114.32828930754 items/s
DONE!
