/usr/local/lib/python3.10/dist-packages/torch/nn/utils/weight_norm.py:28: UserWarning: torch.nn.utils.weight_norm is deprecated in favor of torch.nn.utils.parametrizations.weight_norm.
  warnings.warn("torch.nn.utils.weight_norm is deprecated in favor of torch.nn.utils.parametrizations.weight_norm.")
/usr/local/lib/python3.10/dist-packages/torch/nn/utils/weight_norm.py:28: UserWarning: torch.nn.utils.weight_norm is deprecated in favor of torch.nn.utils.parametrizations.weight_norm.
  warnings.warn("torch.nn.utils.weight_norm is deprecated in favor of torch.nn.utils.parametrizations.weight_norm.")
DLL 2024-10-02 21:41:35.118963 - PARAMETER output : ./ 
DLL 2024-10-02 21:41:35.119011 - PARAMETER dataset_path : /data/tacotron2/LJSpeech-1.1 
DLL 2024-10-02 21:41:35.119026 - PARAMETER model_name : WaveGlow 
DLL 2024-10-02 21:41:35.119037 - PARAMETER log_file : nvlog.json 
DLL 2024-10-02 21:41:35.119046 - PARAMETER anneal_steps : None 
DLL 2024-10-02 21:41:35.119055 - PARAMETER anneal_factor : 0.1 
DLL 2024-10-02 21:41:35.119066 - PARAMETER config_file : None 
DLL 2024-10-02 21:41:35.119090 - PARAMETER seed : None 
DLL 2024-10-02 21:41:35.119099 - PARAMETER epochs : 2 
DLL 2024-10-02 21:41:35.119108 - PARAMETER epochs_per_checkpoint : 50 
DLL 2024-10-02 21:41:35.119117 - PARAMETER checkpoint_path :  
DLL 2024-10-02 21:41:35.119126 - PARAMETER resume_from_last : False 
DLL 2024-10-02 21:41:35.119136 - PARAMETER dynamic_loss_scaling : True 
DLL 2024-10-02 21:41:35.119145 - PARAMETER amp : False 
DLL 2024-10-02 21:41:35.119153 - PARAMETER cudnn_enabled : True 
DLL 2024-10-02 21:41:35.119162 - PARAMETER cudnn_benchmark : True 
DLL 2024-10-02 21:41:35.119170 - PARAMETER disable_uniform_initialize_bn_weight : False 
DLL 2024-10-02 21:41:35.119179 - PARAMETER use_saved_learning_rate : False 
DLL 2024-10-02 21:41:35.119188 - PARAMETER learning_rate : 0.0 
DLL 2024-10-02 21:41:35.119197 - PARAMETER weight_decay : 0.0 
DLL 2024-10-02 21:41:35.119205 - PARAMETER grad_clip_thresh : 65504.0 
DLL 2024-10-02 21:41:35.119214 - PARAMETER batch_size : 48 
DLL 2024-10-02 21:41:35.119228 - PARAMETER grad_clip : 5.0 
DLL 2024-10-02 21:41:35.119237 - PARAMETER load_mel_from_disk : False 
DLL 2024-10-02 21:41:35.119246 - PARAMETER training_files : filelists/ljs_audio_text_train_subset_625_filelist.txt 
DLL 2024-10-02 21:41:35.119254 - PARAMETER validation_files : filelists/ljs_audio_text_val_filelist.txt 
DLL 2024-10-02 21:41:35.119263 - PARAMETER text_cleaners : ['english_cleaners'] 
DLL 2024-10-02 21:41:35.119275 - PARAMETER max_wav_value : 32768.0 
DLL 2024-10-02 21:41:35.119284 - PARAMETER sampling_rate : 22050 
DLL 2024-10-02 21:41:35.119292 - PARAMETER filter_length : 1024 
DLL 2024-10-02 21:41:35.119300 - PARAMETER hop_length : 256 
DLL 2024-10-02 21:41:35.119309 - PARAMETER win_length : 1024 
DLL 2024-10-02 21:41:35.119317 - PARAMETER mel_fmin : 0.0 
DLL 2024-10-02 21:41:35.119326 - PARAMETER mel_fmax : 8000.0 
DLL 2024-10-02 21:41:35.119334 - PARAMETER rank : 0 
DLL 2024-10-02 21:41:35.119342 - PARAMETER world_size : 2 
DLL 2024-10-02 21:41:35.119350 - PARAMETER dist_url : tcp://localhost:23456 
DLL 2024-10-02 21:41:35.119358 - PARAMETER group_name : group_name 
DLL 2024-10-02 21:41:35.119367 - PARAMETER dist_backend : nccl 
DLL 2024-10-02 21:41:35.119375 - PARAMETER bench_class :  
DLL 2024-10-02 21:41:35.119383 - PARAMETER model_name : Tacotron2_PyT 
Initializing Distributed
Done initializing distributed
DLL 2024-10-02 21:41:42.684792 - (0, 0) glob_iter/iters_per_epoch : 0/6 
DLL 2024-10-02 21:41:47.755659 - (0, 0) train_loss : 0.0022118459455668926 
DLL 2024-10-02 21:41:50.264701 - (0, 0) train_items_per_sec : 101319.83464657274 items/s
DLL 2024-10-02 21:41:50.264777 - (0, 0) train_iter_time : 7.579957099998865 
DLL 2024-10-02 21:41:50.265140 - (0, 1) glob_iter/iters_per_epoch : 1/6 
DLL 2024-10-02 21:41:50.503957 - (0, 1) train_loss : 0.002161754295229912 
DLL 2024-10-02 21:41:51.089452 - (0, 1) train_items_per_sec : 931680.6207137733 items/s
DLL 2024-10-02 21:41:51.089515 - (0, 1) train_iter_time : 0.8243168129993137 
DLL 2024-10-02 21:41:51.090023 - (0, 2) glob_iter/iters_per_epoch : 2/6 
DLL 2024-10-02 21:41:51.326259 - (0, 2) train_loss : 0.0023156781680881977 
DLL 2024-10-02 21:41:51.911374 - (0, 2) train_items_per_sec : 935040.3986026646 items/s
DLL 2024-10-02 21:41:51.911427 - (0, 2) train_iter_time : 0.8213548860003357 
DLL 2024-10-02 21:41:51.913269 - (0, 3) glob_iter/iters_per_epoch : 3/6 
DLL 2024-10-02 21:41:52.148643 - (0, 3) train_loss : 0.002687728963792324 
DLL 2024-10-02 21:41:52.732666 - (0, 3) train_items_per_sec : 937266.2680813409 items/s
DLL 2024-10-02 21:41:52.732717 - (0, 3) train_iter_time : 0.8194042889990669 
DLL 2024-10-02 21:41:52.733177 - (0, 4) glob_iter/iters_per_epoch : 4/6 
DLL 2024-10-02 21:41:52.971264 - (0, 4) train_loss : 0.0021913801319897175 
DLL 2024-10-02 21:41:53.556890 - (0, 4) train_items_per_sec : 932359.2485826543 items/s
DLL 2024-10-02 21:41:53.556940 - (0, 4) train_iter_time : 0.8237168249979732 
DLL 2024-10-02 21:41:53.557255 - (0, 5) glob_iter/iters_per_epoch : 5/6 
DLL 2024-10-02 21:41:53.794570 - (0, 5) train_loss : 0.0023896980565041304 
DLL 2024-10-02 21:41:54.380109 - (0, 5) train_items_per_sec : 933332.2238685149 items/s
DLL 2024-10-02 21:41:54.380161 - (0, 5) train_iter_time : 0.8228581209987169 
DLL 2024-10-02 21:41:54.452479 - (0,) train_items_per_sec : 795166.43241592 items/s
DLL 2024-10-02 21:41:54.452561 - (0,) train_loss : 0.0023896980565041304 
DLL 2024-10-02 21:41:54.452580 - (0,) train_epoch_time : 12.063651099000708 
DLL 2024-10-02 21:41:54.822852 - (0, 6, 0) val_items_per_sec : 2844529.811914028 items/s
DLL 2024-10-02 21:41:55.468226 - (0, 6, 1) val_items_per_sec : 49716.20382826632 items/s
DLL 2024-10-02 21:41:55.500732 - (0,) val_loss : 0.0035793856950476766 None
DLL 2024-10-02 21:41:55.500798 - (0,) val_items_per_sec : 1447123.0078711472 items/s
Saving model and optimizer state at epoch 0 to ./checkpoint_WaveGlow_0.pt
Updating symlink ./checkpoint_WaveGlow_last.pt to point to checkpoint_WaveGlow_0.pt
DLL 2024-10-02 21:42:00.421909 - (1, 0) glob_iter/iters_per_epoch : 6/6 
DLL 2024-10-02 21:42:00.662932 - (1, 0) train_loss : 0.0019192094914615154 
DLL 2024-10-02 21:42:01.251684 - (1, 0) train_items_per_sec : 925504.3998644385 items/s
DLL 2024-10-02 21:42:01.251758 - (1, 0) train_iter_time : 0.8298177730030147 
DLL 2024-10-02 21:42:01.252116 - (1, 1) glob_iter/iters_per_epoch : 7/6 
DLL 2024-10-02 21:42:01.490973 - (1, 1) train_loss : 0.002067652763798833 
DLL 2024-10-02 21:42:02.077605 - (1, 1) train_items_per_sec : 930351.6298506885 items/s
DLL 2024-10-02 21:42:02.077659 - (1, 1) train_iter_time : 0.8254943350002577 
DLL 2024-10-02 21:42:02.081380 - (1, 2) glob_iter/iters_per_epoch : 8/6 
DLL 2024-10-02 21:42:02.317920 - (1, 2) train_loss : 0.0020392504520714283 
DLL 2024-10-02 21:42:02.903845 - (1, 2) train_items_per_sec : 933768.2598930311 items/s
DLL 2024-10-02 21:42:02.903894 - (1, 2) train_iter_time : 0.8224738760000037 
DLL 2024-10-02 21:42:02.904398 - (1, 3) glob_iter/iters_per_epoch : 9/6 
DLL 2024-10-02 21:42:03.141826 - (1, 3) train_loss : 0.002241601701825857 
DLL 2024-10-02 21:42:03.726463 - (1, 3) train_items_per_sec : 934227.4100505162 items/s
DLL 2024-10-02 21:42:03.726511 - (1, 3) train_iter_time : 0.822069649999321 
DLL 2024-10-02 21:42:03.728223 - (1, 4) glob_iter/iters_per_epoch : 10/6 
DLL 2024-10-02 21:42:03.964548 - (1, 4) train_loss : 0.0023345532827079296 
DLL 2024-10-02 21:42:04.549698 - (1, 4) train_items_per_sec : 934896.0144541579 items/s
DLL 2024-10-02 21:42:04.549747 - (1, 4) train_iter_time : 0.8214817350017256 
DLL 2024-10-02 21:42:04.550043 - (1, 5) glob_iter/iters_per_epoch : 11/6 
DLL 2024-10-02 21:42:04.789570 - (1, 5) train_loss : 0.0020756497979164124 
DLL 2024-10-02 21:42:05.375308 - (1, 5) train_items_per_sec : 930608.7265089442 items/s
DLL 2024-10-02 21:42:05.375356 - (1, 5) train_iter_time : 0.8252662779996172 
DLL 2024-10-02 21:42:05.419034 - (1,) train_items_per_sec : 931559.406770296 items/s
DLL 2024-10-02 21:42:05.419130 - (1,) train_loss : 0.0020756497979164124 
DLL 2024-10-02 21:42:05.419151 - (1,) train_epoch_time : 5.256415998999728 
DLL 2024-10-02 21:42:05.753608 - (1, 12, 0) val_items_per_sec : 3323082.2879754836 items/s
DLL 2024-10-02 21:42:05.785173 - (1, 12, 1) val_items_per_sec : 1073123.3998308284 items/s
DLL 2024-10-02 21:42:05.815260 - (1,) val_loss : 0.0019226856529712677 None
DLL 2024-10-02 21:42:05.815313 - (1,) val_items_per_sec : 2198102.843903156 items/s
DLL 2024-10-02 21:42:05.816468 - () run_time : 29.176115275000484 s
DLL 2024-10-02 21:42:05.816501 - () val_loss : 0.0019226856529712677 None
DLL 2024-10-02 21:42:05.816516 - () train_loss : 0.0020756497979164124 
DLL 2024-10-02 21:42:05.816529 - () train_items_per_sec : 931559.406770296 items/s
DLL 2024-10-02 21:42:05.816540 - () val_items_per_sec : 2198102.843903156 items/s
DONE!
