/usr/local/lib/python3.10/dist-packages/torch/nn/utils/weight_norm.py:28: UserWarning: torch.nn.utils.weight_norm is deprecated in favor of torch.nn.utils.parametrizations.weight_norm.
  warnings.warn("torch.nn.utils.weight_norm is deprecated in favor of torch.nn.utils.parametrizations.weight_norm.")
/usr/local/lib/python3.10/dist-packages/torch/nn/utils/weight_norm.py:28: UserWarning: torch.nn.utils.weight_norm is deprecated in favor of torch.nn.utils.parametrizations.weight_norm.
  warnings.warn("torch.nn.utils.weight_norm is deprecated in favor of torch.nn.utils.parametrizations.weight_norm.")
DLL 2024-09-29 07:49:06.106982 - PARAMETER output : ./ 
DLL 2024-09-29 07:49:06.107039 - PARAMETER dataset_path : /data/tacotron2/LJSpeech-1.1 
DLL 2024-09-29 07:49:06.107059 - PARAMETER model_name : WaveGlow 
DLL 2024-09-29 07:49:06.107072 - PARAMETER log_file : nvlog.json 
DLL 2024-09-29 07:49:06.107083 - PARAMETER anneal_steps : None 
DLL 2024-09-29 07:49:06.107096 - PARAMETER anneal_factor : 0.1 
DLL 2024-09-29 07:49:06.107110 - PARAMETER config_file : None 
DLL 2024-09-29 07:49:06.107121 - PARAMETER seed : None 
DLL 2024-09-29 07:49:06.107132 - PARAMETER epochs : 2 
DLL 2024-09-29 07:49:06.107144 - PARAMETER epochs_per_checkpoint : 50 
DLL 2024-09-29 07:49:06.107156 - PARAMETER checkpoint_path :  
DLL 2024-09-29 07:49:06.107167 - PARAMETER resume_from_last : False 
DLL 2024-09-29 07:49:06.107179 - PARAMETER dynamic_loss_scaling : True 
DLL 2024-09-29 07:49:06.107190 - PARAMETER amp : False 
DLL 2024-09-29 07:49:06.107201 - PARAMETER cudnn_enabled : True 
DLL 2024-09-29 07:49:06.107212 - PARAMETER cudnn_benchmark : True 
DLL 2024-09-29 07:49:06.107222 - PARAMETER disable_uniform_initialize_bn_weight : False 
DLL 2024-09-29 07:49:06.107233 - PARAMETER use_saved_learning_rate : False 
DLL 2024-09-29 07:49:06.107244 - PARAMETER learning_rate : 0.0 
DLL 2024-09-29 07:49:06.107256 - PARAMETER weight_decay : 0.0 
DLL 2024-09-29 07:49:06.107266 - PARAMETER grad_clip_thresh : 65504.0 
DLL 2024-09-29 07:49:06.107278 - PARAMETER batch_size : 48 
DLL 2024-09-29 07:49:06.107295 - PARAMETER grad_clip : 5.0 
DLL 2024-09-29 07:49:06.107306 - PARAMETER load_mel_from_disk : False 
DLL 2024-09-29 07:49:06.107317 - PARAMETER training_files : filelists/ljs_audio_text_train_subset_625_filelist.txt 
DLL 2024-09-29 07:49:06.107328 - PARAMETER validation_files : filelists/ljs_audio_text_val_filelist.txt 
DLL 2024-09-29 07:49:06.107339 - PARAMETER text_cleaners : ['english_cleaners'] 
DLL 2024-09-29 07:49:06.107353 - PARAMETER max_wav_value : 32768.0 
DLL 2024-09-29 07:49:06.107365 - PARAMETER sampling_rate : 22050 
DLL 2024-09-29 07:49:06.107376 - PARAMETER filter_length : 1024 
DLL 2024-09-29 07:49:06.107386 - PARAMETER hop_length : 256 
DLL 2024-09-29 07:49:06.107397 - PARAMETER win_length : 1024 
DLL 2024-09-29 07:49:06.107407 - PARAMETER mel_fmin : 0.0 
DLL 2024-09-29 07:49:06.107418 - PARAMETER mel_fmax : 8000.0 
DLL 2024-09-29 07:49:06.107429 - PARAMETER rank : 0 
DLL 2024-09-29 07:49:06.107440 - PARAMETER world_size : 2 
DLL 2024-09-29 07:49:06.107450 - PARAMETER dist_url : tcp://localhost:23456 
DLL 2024-09-29 07:49:06.107461 - PARAMETER group_name : group_name 
DLL 2024-09-29 07:49:06.107471 - PARAMETER dist_backend : nccl 
DLL 2024-09-29 07:49:06.107482 - PARAMETER bench_class :  
DLL 2024-09-29 07:49:06.107493 - PARAMETER model_name : Tacotron2_PyT 
Initializing Distributed
Done initializing distributed
DLL 2024-09-29 07:49:15.873145 - (0, 0) glob_iter/iters_per_epoch : 0/6 
DLL 2024-09-29 07:49:21.677344 - (0, 0) train_loss : 0.0022180017549544573 
DLL 2024-09-29 07:49:24.287880 - (0, 0) train_items_per_sec : 91267.76675034408 items/s
DLL 2024-09-29 07:49:24.287975 - (0, 0) train_iter_time : 8.414799959999073 
DLL 2024-09-29 07:49:24.292810 - (0, 1) glob_iter/iters_per_epoch : 1/6 
DLL 2024-09-29 07:49:24.545791 - (0, 1) train_loss : 0.002180835697799921 
DLL 2024-09-29 07:49:25.136570 - (0, 1) train_items_per_sec : 910192.1403038298 items/s
DLL 2024-09-29 07:49:25.136634 - (0, 1) train_iter_time : 0.8437778860006802 
DLL 2024-09-29 07:49:25.138400 - (0, 2) glob_iter/iters_per_epoch : 2/6 
DLL 2024-09-29 07:49:25.375745 - (0, 2) train_loss : 0.0021780640818178654 
DLL 2024-09-29 07:49:25.965178 - (0, 2) train_items_per_sec : 928900.8118576532 items/s
DLL 2024-09-29 07:49:25.965233 - (0, 2) train_iter_time : 0.8267836459999671 
DLL 2024-09-29 07:49:25.967037 - (0, 3) glob_iter/iters_per_epoch : 3/6 
DLL 2024-09-29 07:49:26.203920 - (0, 3) train_loss : 0.002296414691954851 
DLL 2024-09-29 07:49:26.793984 - (0, 3) train_items_per_sec : 928711.0311476329 items/s
DLL 2024-09-29 07:49:26.794040 - (0, 3) train_iter_time : 0.8269525980012986 
DLL 2024-09-29 07:49:26.794462 - (0, 4) glob_iter/iters_per_epoch : 4/6 
DLL 2024-09-29 07:49:27.033125 - (0, 4) train_loss : 0.002013258635997772 
DLL 2024-09-29 07:49:27.624139 - (0, 4) train_items_per_sec : 925656.1538051366 items/s
DLL 2024-09-29 07:49:27.624193 - (0, 4) train_iter_time : 0.8296817310001643 
DLL 2024-09-29 07:49:27.624633 - (0, 5) glob_iter/iters_per_epoch : 5/6 
DLL 2024-09-29 07:49:27.861569 - (0, 5) train_loss : 0.002132884692400694 
DLL 2024-09-29 07:49:28.452829 - (0, 5) train_items_per_sec : 927308.2047791126 items/s
DLL 2024-09-29 07:49:28.452883 - (0, 5) train_iter_time : 0.8282036070013419 
DLL 2024-09-29 07:49:28.569209 - (0,) train_items_per_sec : 785339.3514406182 items/s
DLL 2024-09-29 07:49:28.569275 - (0,) train_loss : 0.002132884692400694 
DLL 2024-09-29 07:49:28.569295 - (0,) train_epoch_time : 13.073126485000103 
DLL 2024-09-29 07:49:28.979985 - (0, 6, 0) val_items_per_sec : 2668266.0976448436 items/s
DLL 2024-09-29 07:49:29.708833 - (0, 6, 1) val_items_per_sec : 43996.14021316134 items/s
DLL 2024-09-29 07:49:29.751792 - (0,) val_loss : 0.003135003848001361 None
DLL 2024-09-29 07:49:29.751839 - (0,) val_items_per_sec : 1356131.1189290024 items/s
Saving model and optimizer state at epoch 0 to ./checkpoint_WaveGlow_0.pt
Updating symlink ./checkpoint_WaveGlow_last.pt to point to checkpoint_WaveGlow_0.pt
DLL 2024-09-29 07:49:35.774345 - (1, 0) glob_iter/iters_per_epoch : 6/6 
DLL 2024-09-29 07:49:36.017049 - (1, 0) train_loss : 0.002172555075958371 
DLL 2024-09-29 07:49:36.617891 - (1, 0) train_items_per_sec : 910364.6437142623 items/s
DLL 2024-09-29 07:49:36.617956 - (1, 0) train_iter_time : 0.843617999998969 
DLL 2024-09-29 07:49:36.618464 - (1, 1) glob_iter/iters_per_epoch : 7/6 
DLL 2024-09-29 07:49:36.865180 - (1, 1) train_loss : 0.002418589312583208 
DLL 2024-09-29 07:49:37.456441 - (1, 1) train_items_per_sec : 916486.73901886 items/s
DLL 2024-09-29 07:49:37.456503 - (1, 1) train_iter_time : 0.8379826649997995 
DLL 2024-09-29 07:49:37.457344 - (1, 2) glob_iter/iters_per_epoch : 8/6 
DLL 2024-09-29 07:49:37.694840 - (1, 2) train_loss : 0.002039027865976095 
DLL 2024-09-29 07:49:38.284844 - (1, 2) train_items_per_sec : 928075.9405497106 items/s
DLL 2024-09-29 07:49:38.284899 - (1, 2) train_iter_time : 0.827518488998976 
DLL 2024-09-29 07:49:38.287019 - (1, 3) glob_iter/iters_per_epoch : 9/6 
DLL 2024-09-29 07:49:38.523787 - (1, 3) train_loss : 0.00230898754671216 
DLL 2024-09-29 07:49:39.117995 - (1, 3) train_items_per_sec : 924207.7846109732 items/s
DLL 2024-09-29 07:49:39.118068 - (1, 3) train_iter_time : 0.830981963999875 
DLL 2024-09-29 07:49:39.118548 - (1, 4) glob_iter/iters_per_epoch : 10/6 
DLL 2024-09-29 07:49:39.355718 - (1, 4) train_loss : 0.0022190737072378397 
DLL 2024-09-29 07:49:39.946807 - (1, 4) train_items_per_sec : 927241.7755070532 items/s
DLL 2024-09-29 07:49:39.946873 - (1, 4) train_iter_time : 0.8282629410005029 
DLL 2024-09-29 07:49:39.947267 - (1, 5) glob_iter/iters_per_epoch : 11/6 
DLL 2024-09-29 07:49:40.183865 - (1, 5) train_loss : 0.0024179816246032715 
DLL 2024-09-29 07:49:40.773967 - (1, 5) train_items_per_sec : 928991.5375176617 items/s
DLL 2024-09-29 07:49:40.774022 - (1, 5) train_iter_time : 0.8267029020007612 
DLL 2024-09-29 07:49:40.954927 - (1,) train_items_per_sec : 922561.40348642 items/s
DLL 2024-09-29 07:49:40.955002 - (1,) train_loss : 0.0024179816246032715 
DLL 2024-09-29 07:49:40.955023 - (1,) train_epoch_time : 5.627464831999532 
DLL 2024-09-29 07:49:41.391599 - (1, 12, 0) val_items_per_sec : 3321288.430013189 items/s
DLL 2024-09-29 07:49:41.431352 - (1, 12, 1) val_items_per_sec : 844619.4507618891 items/s
DLL 2024-09-29 07:49:41.484226 - (1,) val_loss : 0.0023467206628993154 None
DLL 2024-09-29 07:49:41.484276 - (1,) val_items_per_sec : 2082953.940387539 items/s
DLL 2024-09-29 07:49:41.485969 - () run_time : 32.03687395000088 s
DLL 2024-09-29 07:49:41.486016 - () val_loss : 0.0023467206628993154 None
DLL 2024-09-29 07:49:41.486034 - () train_loss : 0.0024179816246032715 
DLL 2024-09-29 07:49:41.486051 - () train_items_per_sec : 922561.40348642 items/s
DLL 2024-09-29 07:49:41.486065 - () val_items_per_sec : 2082953.940387539 items/s
DONE!
