DLL 2024-07-28 10:51:11.490642 - PARAMETER output : ./ 
DLL 2024-07-28 10:51:11.490702 - PARAMETER dataset_path : /data/tacotron2/LJSpeech-1.1 
DLL 2024-07-28 10:51:11.490721 - PARAMETER model_name : Tacotron2 
DLL 2024-07-28 10:51:11.490735 - PARAMETER log_file : nvlog.json 
DLL 2024-07-28 10:51:11.490747 - PARAMETER anneal_steps : None 
DLL 2024-07-28 10:51:11.490759 - PARAMETER anneal_factor : 0.1 
DLL 2024-07-28 10:51:11.490773 - PARAMETER config_file : None 
DLL 2024-07-28 10:51:11.490784 - PARAMETER seed : None 
DLL 2024-07-28 10:51:11.490796 - PARAMETER epochs : 2 
DLL 2024-07-28 10:51:11.490808 - PARAMETER epochs_per_checkpoint : 50 
DLL 2024-07-28 10:51:11.490819 - PARAMETER checkpoint_path :  
DLL 2024-07-28 10:51:11.490830 - PARAMETER resume_from_last : False 
DLL 2024-07-28 10:51:11.490842 - PARAMETER dynamic_loss_scaling : True 
DLL 2024-07-28 10:51:11.490854 - PARAMETER amp : False 
DLL 2024-07-28 10:51:11.490865 - PARAMETER cudnn_enabled : True 
DLL 2024-07-28 10:51:11.490876 - PARAMETER cudnn_benchmark : False 
DLL 2024-07-28 10:51:11.490905 - PARAMETER disable_uniform_initialize_bn_weight : False 
DLL 2024-07-28 10:51:11.490918 - PARAMETER use_saved_learning_rate : False 
DLL 2024-07-28 10:51:11.490929 - PARAMETER learning_rate : 0.0 
DLL 2024-07-28 10:51:11.490940 - PARAMETER weight_decay : 1e-06 
DLL 2024-07-28 10:51:11.490952 - PARAMETER grad_clip_thresh : 1.0 
DLL 2024-07-28 10:51:11.490964 - PARAMETER batch_size : 256 
DLL 2024-07-28 10:51:11.490975 - PARAMETER grad_clip : 5.0 
DLL 2024-07-28 10:51:11.490986 - PARAMETER load_mel_from_disk : False 
DLL 2024-07-28 10:51:11.490997 - PARAMETER training_files : filelists/ljs_audio_text_train_subset_2500_filelist.txt 
DLL 2024-07-28 10:51:11.491008 - PARAMETER validation_files : filelists/ljs_audio_text_val_filelist.txt 
DLL 2024-07-28 10:51:11.491019 - PARAMETER text_cleaners : ['english_cleaners'] 
DLL 2024-07-28 10:51:11.491042 - PARAMETER max_wav_value : 32768.0 
DLL 2024-07-28 10:51:11.491054 - PARAMETER sampling_rate : 22050 
DLL 2024-07-28 10:51:11.491064 - PARAMETER filter_length : 1024 
DLL 2024-07-28 10:51:11.491075 - PARAMETER hop_length : 256 
DLL 2024-07-28 10:51:11.491086 - PARAMETER win_length : 1024 
DLL 2024-07-28 10:51:11.491096 - PARAMETER mel_fmin : 0.0 
DLL 2024-07-28 10:51:11.491107 - PARAMETER mel_fmax : 8000.0 
DLL 2024-07-28 10:51:11.491118 - PARAMETER rank : 0 
DLL 2024-07-28 10:51:11.491128 - PARAMETER world_size : 8 
DLL 2024-07-28 10:51:11.491139 - PARAMETER dist_url : tcp://localhost:23456 
DLL 2024-07-28 10:51:11.491150 - PARAMETER group_name : group_name 
DLL 2024-07-28 10:51:11.491160 - PARAMETER dist_backend : nccl 
DLL 2024-07-28 10:51:11.491171 - PARAMETER bench_class :  
DLL 2024-07-28 10:51:11.491182 - PARAMETER model_name : Tacotron2_PyT 
Initializing Distributed
Done initializing distributed
DLL 2024-07-28 10:51:39.464651 - (0, 0) glob_iter/iters_per_epoch : 0/1 
DLL 2024-07-28 10:51:43.751855 - (0, 0) train_loss : 46.65892791748047 
DLL 2024-07-28 10:51:45.129466 - (0, 0) train_items_per_sec : 204550.5660057928 items/s
DLL 2024-07-28 10:51:45.129562 - (0, 0) train_iter_time : 5.664917104004417 
DLL 2024-07-28 10:51:45.169839 - (0,) train_items_per_sec : 204550.5660057928 items/s
DLL 2024-07-28 10:51:45.169951 - (0,) train_loss : 46.65892791748047 
DLL 2024-07-28 10:51:45.169975 - (0,) train_epoch_time : 11.08811373100616 
DLL 2024-07-28 10:51:46.053054 - (0, 1, 0) val_items_per_sec : 94029.49468427297 items/s
DLL 2024-07-28 10:51:46.099393 - (0,) val_loss : 47.97878646850586 None
DLL 2024-07-28 10:51:46.099518 - (0,) val_items_per_sec : 94029.49468427297 items/s
Saving model and optimizer state at epoch 0 to ./checkpoint_Tacotron2_0.pt
Updating symlink ./checkpoint_Tacotron2_last.pt to point to checkpoint_Tacotron2_0.pt
DLL 2024-07-28 10:51:52.303988 - (1, 0) glob_iter/iters_per_epoch : 1/1 
DLL 2024-07-28 10:51:53.250358 - (1, 0) train_loss : 46.36784362792969 
DLL 2024-07-28 10:51:54.524178 - (1, 0) train_items_per_sec : 517943.6063442035 items/s
DLL 2024-07-28 10:51:54.524314 - (1, 0) train_iter_time : 2.2202378519868944 
DLL 2024-07-28 10:51:54.643501 - (1,) train_items_per_sec : 517943.6063442035 items/s
DLL 2024-07-28 10:51:54.643611 - (1,) train_loss : 46.36784362792969 
DLL 2024-07-28 10:51:54.643635 - (1,) train_epoch_time : 7.97823168800096 
DLL 2024-07-28 10:51:55.522675 - (1, 2, 0) val_items_per_sec : 96388.93557236955 items/s
DLL 2024-07-28 10:51:55.564873 - (1,) val_loss : 47.97831726074219 None
DLL 2024-07-28 10:51:55.564953 - (1,) val_items_per_sec : 96388.93557236955 items/s
DLL 2024-07-28 10:51:55.566240 - () run_time : 37.213604650998604 s
DLL 2024-07-28 10:51:55.566280 - () val_loss : 47.97831726074219 None
DLL 2024-07-28 10:51:55.566298 - () train_loss : 46.36784362792969 
DLL 2024-07-28 10:51:55.566315 - () train_items_per_sec : 517943.6063442035 items/s
DLL 2024-07-28 10:51:55.566329 - () val_items_per_sec : 96388.93557236955 items/s
DONE!
