train.py:402: SyntaxWarning: "is not" with a literal. Did you mean "!="?
  if args.checkpoint_path is not "":
/workspace/examples/tacotron2/tacotron2/text/__init__.py:74: SyntaxWarning: "is not" with a literal. Did you mean "!="?
  return s in _symbol_to_id and s is not '_' and s is not '~'
/workspace/examples/tacotron2/tacotron2/text/__init__.py:74: SyntaxWarning: "is not" with a literal. Did you mean "!="?
  return s in _symbol_to_id and s is not '_' and s is not '~'
DLL 2021-12-09 17:31:30.945829 - PARAMETER output : ./ 
DLL 2021-12-09 17:31:30.945891 - PARAMETER dataset_path : /data/tacotron2/LJSpeech-1.1 
DLL 2021-12-09 17:31:30.945913 - PARAMETER model_name : Tacotron2 
DLL 2021-12-09 17:31:30.945930 - PARAMETER log_file : nvlog.json 
DLL 2021-12-09 17:31:30.945947 - PARAMETER anneal_steps : None 
DLL 2021-12-09 17:31:30.945964 - PARAMETER anneal_factor : 0.1 
DLL 2021-12-09 17:31:30.945981 - PARAMETER epochs : 3 
DLL 2021-12-09 17:31:30.945997 - PARAMETER epochs_per_checkpoint : 50 
DLL 2021-12-09 17:31:30.946013 - PARAMETER checkpoint_path :  
DLL 2021-12-09 17:31:30.946030 - PARAMETER resume_from_last : False 
DLL 2021-12-09 17:31:30.946047 - PARAMETER dynamic_loss_scaling : True 
DLL 2021-12-09 17:31:30.946063 - PARAMETER amp : False 
DLL 2021-12-09 17:31:30.946078 - PARAMETER cudnn_enabled : True 
DLL 2021-12-09 17:31:30.946094 - PARAMETER cudnn_benchmark : False 
DLL 2021-12-09 17:31:30.946109 - PARAMETER disable_uniform_initialize_bn_weight : False 
DLL 2021-12-09 17:31:30.946124 - PARAMETER use_saved_learning_rate : False 
DLL 2021-12-09 17:31:30.946139 - PARAMETER learning_rate : 0.0 
DLL 2021-12-09 17:31:30.946155 - PARAMETER weight_decay : 1e-06 
DLL 2021-12-09 17:31:30.946171 - PARAMETER grad_clip_thresh : 1.0 
DLL 2021-12-09 17:31:30.946187 - PARAMETER batch_size : 256 
DLL 2021-12-09 17:31:30.946203 - PARAMETER grad_clip : 5.0 
DLL 2021-12-09 17:31:30.946218 - PARAMETER load_mel_from_disk : False 
DLL 2021-12-09 17:31:30.946234 - PARAMETER training_files : filelists/ljs_audio_text_train_subset_625_filelist.txt 
DLL 2021-12-09 17:31:30.946249 - PARAMETER validation_files : filelists/ljs_audio_text_val_filelist.txt 
DLL 2021-12-09 17:31:30.946265 - PARAMETER text_cleaners : ['english_cleaners'] 
DLL 2021-12-09 17:31:30.946283 - PARAMETER max_wav_value : 32768.0 
DLL 2021-12-09 17:31:30.946299 - PARAMETER sampling_rate : 22050 
DLL 2021-12-09 17:31:30.946315 - PARAMETER filter_length : 1024 
DLL 2021-12-09 17:31:30.946330 - PARAMETER hop_length : 256 
DLL 2021-12-09 17:31:30.946345 - PARAMETER win_length : 1024 
DLL 2021-12-09 17:31:30.946360 - PARAMETER mel_fmin : 0.0 
DLL 2021-12-09 17:31:30.946376 - PARAMETER mel_fmax : 8000.0 
DLL 2021-12-09 17:31:30.946391 - PARAMETER rank : 0 
DLL 2021-12-09 17:31:30.946406 - PARAMETER world_size : 2 
DLL 2021-12-09 17:31:30.946421 - PARAMETER dist_url : tcp://localhost:23456 
DLL 2021-12-09 17:31:30.946436 - PARAMETER group_name : group_name 
DLL 2021-12-09 17:31:30.946451 - PARAMETER dist_backend : nccl 
DLL 2021-12-09 17:31:30.946466 - PARAMETER bench_class :  
DLL 2021-12-09 17:31:30.946482 - PARAMETER model_name : Tacotron2_PyT 
Initializing Distributed
Done initializing distributed
train.py:402: SyntaxWarning: "is not" with a literal. Did you mean "!="?
  if args.checkpoint_path is not "":
/workspace/examples/tacotron2/tacotron2/text/__init__.py:74: SyntaxWarning: "is not" with a literal. Did you mean "!="?
  return s in _symbol_to_id and s is not '_' and s is not '~'
/workspace/examples/tacotron2/tacotron2/text/__init__.py:74: SyntaxWarning: "is not" with a literal. Did you mean "!="?
  return s in _symbol_to_id and s is not '_' and s is not '~'
DLL 2021-12-09 17:31:41.447763 - (0, 0) glob_iter/iters_per_epoch : 0/1 
DLL 2021-12-09 17:31:53.484502 - (0, 0) train_loss : 46.320823669433594 
DLL 2021-12-09 17:31:55.613307 - (0, 0) train_items_per_sec : 20318.734221248505 
DLL 2021-12-09 17:31:55.613399 - (0, 0) train_iter_time : 14.165596973998618 
DLL 2021-12-09 17:31:55.648006 - (0,) train_items_per_sec : 20318.734221248505 
DLL 2021-12-09 17:31:55.648136 - (0,) train_loss : 46.320823669433594 
DLL 2021-12-09 17:31:55.648407 - (0,) train_epoch_time : 18.832185289000336 
/opt/conda/lib/python3.8/site-packages/torch/distributed/distributed_c10d.py:144: UserWarning: torch.distributed.reduce_op is deprecated, please use torch.distributed.ReduceOp instead
  warnings.warn("torch.distributed.reduce_op is deprecated, please use "
/opt/conda/lib/python3.8/site-packages/torch/distributed/distributed_c10d.py:144: UserWarning: torch.distributed.reduce_op is deprecated, please use torch.distributed.ReduceOp instead
  warnings.warn("torch.distributed.reduce_op is deprecated, please use "
DLL 2021-12-09 17:31:57.293100 - (0, 1, 0) val_items_per_sec : 92374.6982069914 
DLL 2021-12-09 17:31:57.346974 - (0,) val_loss : 45.567955017089844 
DLL 2021-12-09 17:31:57.347123 - (0,) val_items_per_sec : 92374.6982069914 
Saving model and optimizer state at epoch 0 to ./checkpoint_Tacotron2_0.pt
DLL 2021-12-09 17:32:02.525939 - (1, 0) glob_iter/iters_per_epoch : 1/1 
DLL 2021-12-09 17:32:03.457667 - (1, 0) train_loss : 46.378929138183594 
DLL 2021-12-09 17:32:05.297335 - (1, 0) train_items_per_sec : 104018.39475286473 
DLL 2021-12-09 17:32:05.297418 - (1, 0) train_iter_time : 2.7714425000012852 
DLL 2021-12-09 17:32:05.354528 - (1,) train_items_per_sec : 104018.39475286473 
DLL 2021-12-09 17:32:05.354634 - (1,) train_loss : 46.378929138183594 
DLL 2021-12-09 17:32:05.354671 - (1,) train_epoch_time : 7.66671360699911 
DLL 2021-12-09 17:32:07.067813 - (1, 2, 0) val_items_per_sec : 87225.93942002674 
DLL 2021-12-09 17:32:07.125854 - (1,) val_loss : 45.578857421875 
DLL 2021-12-09 17:32:07.125983 - (1,) val_items_per_sec : 87225.93942002674 
DLL 2021-12-09 17:32:12.045991 - (2, 0) glob_iter/iters_per_epoch : 2/1 
DLL 2021-12-09 17:32:12.869370 - (2, 0) train_loss : 46.5647087097168 
DLL 2021-12-09 17:32:14.701184 - (2, 0) train_items_per_sec : 108991.64077473902 
DLL 2021-12-09 17:32:14.701271 - (2, 0) train_iter_time : 2.655240328000218 
DLL 2021-12-09 17:32:14.762939 - (2,) train_items_per_sec : 108991.64077473902 
DLL 2021-12-09 17:32:14.763069 - (2,) train_loss : 46.5647087097168 
DLL 2021-12-09 17:32:14.763119 - (2,) train_epoch_time : 7.633019646000321 
DLL 2021-12-09 17:32:16.425598 - (2, 3, 0) val_items_per_sec : 95588.58041556118 
DLL 2021-12-09 17:32:16.485158 - (2,) val_loss : 45.58936309814453 
DLL 2021-12-09 17:32:16.485294 - (2,) val_items_per_sec : 95588.58041556118 
DLL 2021-12-09 17:32:16.490077 - () run_time : 42.76445837100073 
DLL 2021-12-09 17:32:16.490160 - () val_loss : 45.58936309814453 
DLL 2021-12-09 17:32:16.490208 - () train_items_per_sec : 108991.64077473902 
DONE!
