OMP: Info #276: omp_set_nested routine deprecated, please use omp_set_max_active_levels instead.
DLL 2022-12-14 22:24:29.457857 - PARAMETER output : ./ 
DLL 2022-12-14 22:24:29.457915 - PARAMETER dataset_path : /data/tacotron2/LJSpeech-1.1 
DLL 2022-12-14 22:24:29.457936 - PARAMETER model_name : Tacotron2 
DLL 2022-12-14 22:24:29.457952 - PARAMETER log_file : nvlog.json 
DLL 2022-12-14 22:24:29.457967 - PARAMETER anneal_steps : None 
DLL 2022-12-14 22:24:29.457983 - PARAMETER anneal_factor : 0.1 
DLL 2022-12-14 22:24:29.457999 - PARAMETER config_file : None 
DLL 2022-12-14 22:24:29.458019 - PARAMETER seed : None 
DLL 2022-12-14 22:24:29.458034 - PARAMETER epochs : 3 
DLL 2022-12-14 22:24:29.458049 - PARAMETER epochs_per_checkpoint : 50 
DLL 2022-12-14 22:24:29.458064 - PARAMETER checkpoint_path :  
DLL 2022-12-14 22:24:29.458078 - PARAMETER resume_from_last : False 
DLL 2022-12-14 22:24:29.458118 - PARAMETER dynamic_loss_scaling : True 
DLL 2022-12-14 22:24:29.458134 - PARAMETER amp : False 
DLL 2022-12-14 22:24:29.458148 - PARAMETER cudnn_enabled : True 
DLL 2022-12-14 22:24:29.458166 - PARAMETER cudnn_benchmark : False 
DLL 2022-12-14 22:24:29.458181 - PARAMETER disable_uniform_initialize_bn_weight : False 
DLL 2022-12-14 22:24:29.458195 - PARAMETER use_saved_learning_rate : False 
DLL 2022-12-14 22:24:29.458211 - PARAMETER learning_rate : 0.0 
DLL 2022-12-14 22:24:29.458227 - PARAMETER weight_decay : 1e-06 
DLL 2022-12-14 22:24:29.458248 - PARAMETER grad_clip_thresh : 1.0 
DLL 2022-12-14 22:24:29.458270 - PARAMETER batch_size : 144 
DLL 2022-12-14 22:24:29.458289 - PARAMETER grad_clip : 5.0 
DLL 2022-12-14 22:24:29.458308 - PARAMETER load_mel_from_disk : False 
DLL 2022-12-14 22:24:29.458326 - PARAMETER training_files : filelists/ljs_audio_text_train_subset_625_filelist.txt 
DLL 2022-12-14 22:24:29.458347 - PARAMETER validation_files : filelists/ljs_audio_text_val_filelist.txt 
DLL 2022-12-14 22:24:29.458366 - PARAMETER text_cleaners : ['english_cleaners'] 
DLL 2022-12-14 22:24:29.458387 - PARAMETER max_wav_value : 32768.0 
DLL 2022-12-14 22:24:29.458407 - PARAMETER sampling_rate : 22050 
DLL 2022-12-14 22:24:29.458427 - PARAMETER filter_length : 1024 
DLL 2022-12-14 22:24:29.458445 - PARAMETER hop_length : 256 
DLL 2022-12-14 22:24:29.458465 - PARAMETER win_length : 1024 
DLL 2022-12-14 22:24:29.458479 - PARAMETER mel_fmin : 0.0 
DLL 2022-12-14 22:24:29.458494 - PARAMETER mel_fmax : 8000.0 
DLL 2022-12-14 22:24:29.458508 - PARAMETER rank : 0 
DLL 2022-12-14 22:24:29.458523 - PARAMETER world_size : 1 
DLL 2022-12-14 22:24:29.458537 - PARAMETER dist_url : tcp://localhost:23456 
DLL 2022-12-14 22:24:29.458551 - PARAMETER group_name : group_name 
DLL 2022-12-14 22:24:29.458566 - PARAMETER dist_backend : nccl 
DLL 2022-12-14 22:24:29.458581 - PARAMETER bench_class :  
DLL 2022-12-14 22:24:29.458595 - PARAMETER model_name : Tacotron2_PyT 
DLL 2022-12-14 22:24:35.380869 - (0, 0) glob_iter/iters_per_epoch : 0/4 
DLL 2022-12-14 22:24:38.156231 - (0, 0) train_loss : 44.19122314453125 
DLL 2022-12-14 22:24:39.706209 - (0, 0) train_items_per_sec : 17722.93199356367 items/s
DLL 2022-12-14 22:24:39.706289 - (0, 0) train_iter_time : 4.325412974999836 
DLL 2022-12-14 22:24:39.714830 - (0, 1) glob_iter/iters_per_epoch : 1/4 
DLL 2022-12-14 22:24:40.465442 - (0, 1) train_loss : 47.16157531738281 
DLL 2022-12-14 22:24:41.941371 - (0, 1) train_items_per_sec : 37170.564920941455 items/s
DLL 2022-12-14 22:24:41.941452 - (0, 1) train_iter_time : 2.2265467360000457 
DLL 2022-12-14 22:24:43.479929 - (0, 2) glob_iter/iters_per_epoch : 2/4 
DLL 2022-12-14 22:24:44.319318 - (0, 2) train_loss : 47.896724700927734 
DLL 2022-12-14 22:24:45.806082 - (0, 2) train_items_per_sec : 36172.75027363955 items/s
DLL 2022-12-14 22:24:45.806188 - (0, 2) train_iter_time : 2.3261709260000316 
DLL 2022-12-14 22:24:47.403845 - (0, 3) glob_iter/iters_per_epoch : 3/4 
DLL 2022-12-14 22:24:48.091878 - (0, 3) train_loss : 46.671443939208984 
DLL 2022-12-14 22:24:49.500471 - (0, 3) train_items_per_sec : 38836.688743367034 items/s
DLL 2022-12-14 22:24:49.500560 - (0, 3) train_iter_time : 2.096651456000018 
DLL 2022-12-14 22:24:49.531611 - (0,) train_items_per_sec : 32475.73398287793 items/s
DLL 2022-12-14 22:24:49.531690 - (0,) train_loss : 46.671443939208984 
DLL 2022-12-14 22:24:49.531735 - (0,) train_epoch_time : 18.02390407300004 
DLL 2022-12-14 22:24:52.886864 - (0, 4, 0) val_items_per_sec : 99121.32417489604 items/s
DLL 2022-12-14 22:24:52.924914 - (0,) val_loss : 45.38175582885742 None
DLL 2022-12-14 22:24:52.925005 - (0,) val_items_per_sec : 99121.32417489604 items/s
Saving model and optimizer state at epoch 0 to ./checkpoint_Tacotron2_0.pt
DLL 2022-12-14 22:24:57.119233 - (1, 0) glob_iter/iters_per_epoch : 4/4 
DLL 2022-12-14 22:24:57.841803 - (1, 0) train_loss : 47.218509674072266 
DLL 2022-12-14 22:24:59.288573 - (1, 0) train_items_per_sec : 38158.62883312778 items/s
DLL 2022-12-14 22:24:59.288663 - (1, 0) train_iter_time : 2.1696010190000834 
DLL 2022-12-14 22:25:00.677031 - (1, 1) glob_iter/iters_per_epoch : 5/4 
DLL 2022-12-14 22:25:01.352736 - (1, 1) train_loss : 44.68796920776367 
DLL 2022-12-14 22:25:02.781198 - (1, 1) train_items_per_sec : 37322.13491419115 items/s
DLL 2022-12-14 22:25:02.781276 - (1, 1) train_iter_time : 2.1041936689998693 
DLL 2022-12-14 22:25:04.233218 - (1, 2) glob_iter/iters_per_epoch : 6/4 
DLL 2022-12-14 22:25:04.901920 - (1, 2) train_loss : 45.30376434326172 
DLL 2022-12-14 22:25:06.353485 - (1, 2) train_items_per_sec : 37407.295103490906 items/s
DLL 2022-12-14 22:25:06.353596 - (1, 2) train_iter_time : 2.1202816130000883 
DLL 2022-12-14 22:25:08.027436 - (1, 3) glob_iter/iters_per_epoch : 7/4 
DLL 2022-12-14 22:25:08.689969 - (1, 3) train_loss : 48.35466003417969 
DLL 2022-12-14 22:25:10.120542 - (1, 3) train_items_per_sec : 40148.454495429585 items/s
DLL 2022-12-14 22:25:10.120657 - (1, 3) train_iter_time : 2.0931316300000162 
DLL 2022-12-14 22:25:10.161244 - (1,) train_items_per_sec : 38259.12833655986 items/s
DLL 2022-12-14 22:25:10.161307 - (1,) train_loss : 48.35466003417969 
DLL 2022-12-14 22:25:10.161341 - (1,) train_epoch_time : 16.862449462000086 
DLL 2022-12-14 22:25:13.369386 - (1, 8, 0) val_items_per_sec : 98479.88624978125 items/s
DLL 2022-12-14 22:25:13.404860 - (1,) val_loss : 45.35881042480469 None
DLL 2022-12-14 22:25:13.404951 - (1,) val_items_per_sec : 98479.88624978125 items/s
DLL 2022-12-14 22:25:17.315386 - (2, 0) glob_iter/iters_per_epoch : 8/4 
DLL 2022-12-14 22:25:18.021983 - (2, 0) train_loss : 48.30792999267578 
DLL 2022-12-14 22:25:19.460735 - (2, 0) train_items_per_sec : 39429.81173861781 items/s
DLL 2022-12-14 22:25:19.460820 - (2, 0) train_iter_time : 2.1456354029999147 
DLL 2022-12-14 22:25:20.858461 - (2, 1) glob_iter/iters_per_epoch : 9/4 
DLL 2022-12-14 22:25:21.628523 - (2, 1) train_loss : 44.271934509277344 
DLL 2022-12-14 22:25:23.077651 - (2, 1) train_items_per_sec : 34915.73922934356 items/s
DLL 2022-12-14 22:25:23.077749 - (2, 1) train_iter_time : 2.2192283969998243 
DLL 2022-12-14 22:25:24.558139 - (2, 2) glob_iter/iters_per_epoch : 10/4 
DLL 2022-12-14 22:25:25.207783 - (2, 2) train_loss : 47.79611587524414 
DLL 2022-12-14 22:25:26.655293 - (2, 2) train_items_per_sec : 39766.81545833202 items/s
DLL 2022-12-14 22:25:26.655375 - (2, 2) train_iter_time : 2.0971757239999533 
DLL 2022-12-14 22:25:28.157165 - (2, 3) glob_iter/iters_per_epoch : 11/4 
DLL 2022-12-14 22:25:28.801719 - (2, 3) train_loss : 46.28799057006836 
DLL 2022-12-14 22:25:30.263164 - (2, 3) train_items_per_sec : 38412.737409598194 items/s
DLL 2022-12-14 22:25:30.263249 - (2, 3) train_iter_time : 2.1060201759999018 
DLL 2022-12-14 22:25:30.307297 - (2,) train_items_per_sec : 38131.275958972896 items/s
DLL 2022-12-14 22:25:30.307375 - (2,) train_loss : 46.28799057006836 
DLL 2022-12-14 22:25:30.307418 - (2,) train_epoch_time : 16.89333892699983 
DLL 2022-12-14 22:25:33.482841 - (2, 12, 0) val_items_per_sec : 102609.0144266734 items/s
DLL 2022-12-14 22:25:33.519080 - (2,) val_loss : 45.3432502746582 None
DLL 2022-12-14 22:25:33.519171 - (2,) val_items_per_sec : 102609.0144266734 items/s
DLL 2022-12-14 22:25:33.528799 - () run_time : 63.637990630999866 s
DLL 2022-12-14 22:25:33.528866 - () val_loss : 45.3432502746582 None
DLL 2022-12-14 22:25:33.528901 - () train_loss : 46.28799057006836 
DLL 2022-12-14 22:25:33.528932 - () train_items_per_sec : 38131.275958972896 items/s
DLL 2022-12-14 22:25:33.528962 - () val_items_per_sec : 102609.0144266734 items/s
DONE!
