DLL 2024-07-28 10:51:11.740031 - PARAMETER output : ./ 
DLL 2024-07-28 10:51:11.740096 - PARAMETER dataset_path : /data/tacotron2/LJSpeech-1.1 
DLL 2024-07-28 10:51:11.740116 - PARAMETER model_name : Tacotron2 
DLL 2024-07-28 10:51:11.740147 - PARAMETER log_file : nvlog.json 
DLL 2024-07-28 10:51:11.740161 - PARAMETER anneal_steps : None 
DLL 2024-07-28 10:51:11.740175 - PARAMETER anneal_factor : 0.1 
DLL 2024-07-28 10:51:11.740188 - PARAMETER config_file : None 
DLL 2024-07-28 10:51:11.740200 - PARAMETER seed : None 
DLL 2024-07-28 10:51:11.740212 - PARAMETER epochs : 2 
DLL 2024-07-28 10:51:11.740224 - PARAMETER epochs_per_checkpoint : 50 
DLL 2024-07-28 10:51:11.740236 - PARAMETER checkpoint_path :  
DLL 2024-07-28 10:51:11.740248 - PARAMETER resume_from_last : False 
DLL 2024-07-28 10:51:11.740261 - PARAMETER dynamic_loss_scaling : True 
DLL 2024-07-28 10:51:11.740273 - PARAMETER amp : False 
DLL 2024-07-28 10:51:11.740284 - PARAMETER cudnn_enabled : True 
DLL 2024-07-28 10:51:11.740295 - PARAMETER cudnn_benchmark : False 
DLL 2024-07-28 10:51:11.740306 - PARAMETER disable_uniform_initialize_bn_weight : False 
DLL 2024-07-28 10:51:11.740317 - PARAMETER use_saved_learning_rate : False 
DLL 2024-07-28 10:51:11.740328 - PARAMETER learning_rate : 0.0 
DLL 2024-07-28 10:51:11.740340 - PARAMETER weight_decay : 1e-06 
DLL 2024-07-28 10:51:11.740352 - PARAMETER grad_clip_thresh : 1.0 
DLL 2024-07-28 10:51:11.740364 - PARAMETER batch_size : 256 
DLL 2024-07-28 10:51:11.740376 - PARAMETER grad_clip : 5.0 
DLL 2024-07-28 10:51:11.740387 - PARAMETER load_mel_from_disk : False 
DLL 2024-07-28 10:51:11.740399 - PARAMETER training_files : filelists/ljs_audio_text_train_subset_2500_filelist.txt 
DLL 2024-07-28 10:51:11.740410 - PARAMETER validation_files : filelists/ljs_audio_text_val_filelist.txt 
DLL 2024-07-28 10:51:11.740422 - PARAMETER text_cleaners : ['english_cleaners'] 
DLL 2024-07-28 10:51:11.740438 - PARAMETER max_wav_value : 32768.0 
DLL 2024-07-28 10:51:11.740449 - PARAMETER sampling_rate : 22050 
DLL 2024-07-28 10:51:11.740460 - PARAMETER filter_length : 1024 
DLL 2024-07-28 10:51:11.740471 - PARAMETER hop_length : 256 
DLL 2024-07-28 10:51:11.740481 - PARAMETER win_length : 1024 
DLL 2024-07-28 10:51:11.740492 - PARAMETER mel_fmin : 0.0 
DLL 2024-07-28 10:51:11.740503 - PARAMETER mel_fmax : 8000.0 
DLL 2024-07-28 10:51:11.740514 - PARAMETER rank : 0 
DLL 2024-07-28 10:51:11.740525 - PARAMETER world_size : 8 
DLL 2024-07-28 10:51:11.740537 - PARAMETER dist_url : tcp://localhost:23456 
DLL 2024-07-28 10:51:11.740548 - PARAMETER group_name : group_name 
DLL 2024-07-28 10:51:11.740559 - PARAMETER dist_backend : nccl 
DLL 2024-07-28 10:51:11.740570 - PARAMETER bench_class :  
DLL 2024-07-28 10:51:11.740581 - PARAMETER model_name : Tacotron2_PyT 
Initializing Distributed
Done initializing distributed
DLL 2024-07-28 10:51:39.288560 - (0, 0) glob_iter/iters_per_epoch : 0/1 
DLL 2024-07-28 10:51:43.990924 - (0, 0) train_loss : 46.26316452026367 
DLL 2024-07-28 10:51:45.396386 - (0, 0) train_items_per_sec : 189714.72540243616 items/s
DLL 2024-07-28 10:51:45.396481 - (0, 0) train_iter_time : 6.107918073001201 
DLL 2024-07-28 10:51:45.432483 - (0,) train_items_per_sec : 189714.72540243616 items/s
DLL 2024-07-28 10:51:45.432599 - (0,) train_loss : 46.26316452026367 
DLL 2024-07-28 10:51:45.432621 - (0,) train_epoch_time : 11.569626530996175 
DLL 2024-07-28 10:51:46.343196 - (0, 1, 0) val_items_per_sec : 89486.95532961839 items/s
DLL 2024-07-28 10:51:46.376226 - (0,) val_loss : 47.826393127441406 None
DLL 2024-07-28 10:51:46.376300 - (0,) val_items_per_sec : 89486.95532961839 items/s
Saving model and optimizer state at epoch 0 to ./checkpoint_Tacotron2_0.pt
Updating symlink ./checkpoint_Tacotron2_last.pt to point to checkpoint_Tacotron2_0.pt
DLL 2024-07-28 10:51:52.871790 - (1, 0) glob_iter/iters_per_epoch : 1/1 
DLL 2024-07-28 10:51:53.773387 - (1, 0) train_loss : 45.97085189819336 
DLL 2024-07-28 10:51:55.047411 - (1, 0) train_items_per_sec : 528554.9130776094 items/s
DLL 2024-07-28 10:51:55.047547 - (1, 0) train_iter_time : 2.1756641959946137 
DLL 2024-07-28 10:51:55.134650 - (1,) train_items_per_sec : 528554.9130776094 items/s
DLL 2024-07-28 10:51:55.134822 - (1,) train_loss : 45.97085189819336 
DLL 2024-07-28 10:51:55.134849 - (1,) train_epoch_time : 7.980382363006356 
DLL 2024-07-28 10:51:56.080572 - (1, 2, 0) val_items_per_sec : 89334.75779423618 items/s
DLL 2024-07-28 10:51:56.124157 - (1,) val_loss : 47.817108154296875 None
DLL 2024-07-28 10:51:56.124276 - (1,) val_items_per_sec : 89334.75779423618 items/s
DLL 2024-07-28 10:51:56.125817 - () run_time : 37.41720440200879 s
DLL 2024-07-28 10:51:56.125852 - () val_loss : 47.817108154296875 None
DLL 2024-07-28 10:51:56.125870 - () train_loss : 45.97085189819336 
DLL 2024-07-28 10:51:56.125887 - () train_items_per_sec : 528554.9130776094 items/s
DLL 2024-07-28 10:51:56.125902 - () val_items_per_sec : 89334.75779423618 items/s
DONE!
