DLL 2024-07-28 09:32:22.400071 - PARAMETER output : ./ 
DLL 2024-07-28 09:32:22.400117 - PARAMETER dataset_path : /data/tacotron2/LJSpeech-1.1 
DLL 2024-07-28 09:32:22.400133 - PARAMETER model_name : Tacotron2 
DLL 2024-07-28 09:32:22.400144 - PARAMETER log_file : nvlog.json 
DLL 2024-07-28 09:32:22.400153 - PARAMETER anneal_steps : None 
DLL 2024-07-28 09:32:22.400163 - PARAMETER anneal_factor : 0.1 
DLL 2024-07-28 09:32:22.400173 - PARAMETER config_file : None 
DLL 2024-07-28 09:32:22.400181 - PARAMETER seed : None 
DLL 2024-07-28 09:32:22.400190 - PARAMETER epochs : 2 
DLL 2024-07-28 09:32:22.400199 - PARAMETER epochs_per_checkpoint : 50 
DLL 2024-07-28 09:32:22.400208 - PARAMETER checkpoint_path :  
DLL 2024-07-28 09:32:22.400216 - PARAMETER resume_from_last : False 
DLL 2024-07-28 09:32:22.400225 - PARAMETER dynamic_loss_scaling : True 
DLL 2024-07-28 09:32:22.400234 - PARAMETER amp : False 
DLL 2024-07-28 09:32:22.400242 - PARAMETER cudnn_enabled : True 
DLL 2024-07-28 09:32:22.400250 - PARAMETER cudnn_benchmark : False 
DLL 2024-07-28 09:32:22.400258 - PARAMETER disable_uniform_initialize_bn_weight : False 
DLL 2024-07-28 09:32:22.400267 - PARAMETER use_saved_learning_rate : False 
DLL 2024-07-28 09:32:22.400279 - PARAMETER learning_rate : 0.0 
DLL 2024-07-28 09:32:22.400288 - PARAMETER weight_decay : 1e-06 
DLL 2024-07-28 09:32:22.400297 - PARAMETER grad_clip_thresh : 1.0 
DLL 2024-07-28 09:32:22.400306 - PARAMETER batch_size : 256 
DLL 2024-07-28 09:32:22.400316 - PARAMETER grad_clip : 5.0 
DLL 2024-07-28 09:32:22.400324 - PARAMETER load_mel_from_disk : False 
DLL 2024-07-28 09:32:22.400333 - PARAMETER training_files : filelists/ljs_audio_text_train_subset_625_filelist.txt 
DLL 2024-07-28 09:32:22.400342 - PARAMETER validation_files : filelists/ljs_audio_text_val_filelist.txt 
DLL 2024-07-28 09:32:22.400352 - PARAMETER text_cleaners : ['english_cleaners'] 
DLL 2024-07-28 09:32:22.400364 - PARAMETER max_wav_value : 32768.0 
DLL 2024-07-28 09:32:22.400373 - PARAMETER sampling_rate : 22050 
DLL 2024-07-28 09:32:22.400382 - PARAMETER filter_length : 1024 
DLL 2024-07-28 09:32:22.400390 - PARAMETER hop_length : 256 
DLL 2024-07-28 09:32:22.400398 - PARAMETER win_length : 1024 
DLL 2024-07-28 09:32:22.400407 - PARAMETER mel_fmin : 0.0 
DLL 2024-07-28 09:32:22.400415 - PARAMETER mel_fmax : 8000.0 
DLL 2024-07-28 09:32:22.400423 - PARAMETER rank : 0 
DLL 2024-07-28 09:32:22.400432 - PARAMETER world_size : 1 
DLL 2024-07-28 09:32:22.400439 - PARAMETER dist_url : tcp://localhost:23456 
DLL 2024-07-28 09:32:22.400447 - PARAMETER group_name : group_name 
DLL 2024-07-28 09:32:22.400455 - PARAMETER dist_backend : nccl 
DLL 2024-07-28 09:32:22.400464 - PARAMETER bench_class :  
DLL 2024-07-28 09:32:22.400472 - PARAMETER model_name : Tacotron2_PyT 
DLL 2024-07-28 09:32:30.112006 - (0, 0) glob_iter/iters_per_epoch : 0/2 
DLL 2024-07-28 09:32:31.883479 - (0, 0) train_loss : 47.6963005065918 
DLL 2024-07-28 09:32:33.146918 - (0, 0) train_items_per_sec : 48806.17658181231 items/s
DLL 2024-07-28 09:32:33.147001 - (0, 0) train_iter_time : 3.0350256949895993 
DLL 2024-07-28 09:32:33.158328 - (0, 1) glob_iter/iters_per_epoch : 1/2 
DLL 2024-07-28 09:32:33.643675 - (0, 1) train_loss : 45.41050338745117 
DLL 2024-07-28 09:32:34.737235 - (0, 1) train_items_per_sec : 90018.85362112123 items/s
DLL 2024-07-28 09:32:34.737300 - (0, 1) train_iter_time : 1.5789247950015124 
DLL 2024-07-28 09:32:34.757671 - (0,) train_items_per_sec : 69412.51510146676 items/s
DLL 2024-07-28 09:32:34.757737 - (0,) train_loss : 45.41050338745117 
DLL 2024-07-28 09:32:34.757754 - (0,) train_epoch_time : 8.302559614006896 
DLL 2024-07-28 09:32:36.626527 - (0, 2, 0) val_items_per_sec : 137311.6919323825 items/s
DLL 2024-07-28 09:32:36.664039 - (0,) val_loss : 45.43790817260742 None
DLL 2024-07-28 09:32:36.664092 - (0,) val_items_per_sec : 137311.6919323825 items/s
Saving model and optimizer state at epoch 0 to ./checkpoint_Tacotron2_0.pt
Updating symlink ./checkpoint_Tacotron2_last.pt to point to checkpoint_Tacotron2_0.pt
DLL 2024-07-28 09:32:41.035249 - (1, 0) glob_iter/iters_per_epoch : 2/2 
DLL 2024-07-28 09:32:41.605400 - (1, 0) train_loss : 47.09855651855469 
DLL 2024-07-28 09:32:42.694501 - (1, 0) train_items_per_sec : 88432.67868280999 items/s
DLL 2024-07-28 09:32:42.694600 - (1, 0) train_iter_time : 1.6592961129936157 
DLL 2024-07-28 09:32:42.705354 - (1, 1) glob_iter/iters_per_epoch : 3/2 
DLL 2024-07-28 09:32:43.175021 - (1, 1) train_loss : 47.402000427246094 
DLL 2024-07-28 09:32:44.261426 - (1, 1) train_items_per_sec : 94609.92905958048 items/s
DLL 2024-07-28 09:32:44.261496 - (1, 1) train_iter_time : 1.5560946030018385 
DLL 2024-07-28 09:32:44.310639 - (1,) train_items_per_sec : 91521.30387119524 items/s
DLL 2024-07-28 09:32:44.310718 - (1,) train_loss : 47.402000427246094 
DLL 2024-07-28 09:32:44.310735 - (1,) train_epoch_time : 7.1879609059978975 
DLL 2024-07-28 09:32:46.143168 - (1, 4, 0) val_items_per_sec : 138990.38717885656 items/s
DLL 2024-07-28 09:32:46.176597 - (1,) val_loss : 45.4309196472168 None
DLL 2024-07-28 09:32:46.176649 - (1,) val_items_per_sec : 138990.38717885656 items/s
DLL 2024-07-28 09:32:46.179908 - () run_time : 20.963044411008013 s
DLL 2024-07-28 09:32:46.179948 - () val_loss : 45.4309196472168 None
DLL 2024-07-28 09:32:46.179965 - () train_loss : 47.402000427246094 
DLL 2024-07-28 09:32:46.179979 - () train_items_per_sec : 91521.30387119524 items/s
DLL 2024-07-28 09:32:46.179989 - () val_items_per_sec : 138990.38717885656 items/s
DONE!
