DLL 2023-07-08 21:34:31.317618 - PARAMETER output : ./ 
DLL 2023-07-08 21:34:31.317737 - PARAMETER dataset_path : /data/tacotron2/LJSpeech-1.1 
DLL 2023-07-08 21:34:31.317773 - PARAMETER model_name : WaveGlow 
DLL 2023-07-08 21:34:31.317800 - PARAMETER log_file : nvlog.json 
DLL 2023-07-08 21:34:31.317824 - PARAMETER anneal_steps : None 
DLL 2023-07-08 21:34:31.317849 - PARAMETER anneal_factor : 0.1 
DLL 2023-07-08 21:34:31.317875 - PARAMETER config_file : None 
DLL 2023-07-08 21:34:31.317899 - PARAMETER seed : None 
DLL 2023-07-08 21:34:31.317922 - PARAMETER epochs : 2 
DLL 2023-07-08 21:34:31.317945 - PARAMETER epochs_per_checkpoint : 50 
DLL 2023-07-08 21:34:31.317969 - PARAMETER checkpoint_path :  
DLL 2023-07-08 21:34:31.317992 - PARAMETER resume_from_last : False 
DLL 2023-07-08 21:34:31.318017 - PARAMETER dynamic_loss_scaling : True 
DLL 2023-07-08 21:34:31.318041 - PARAMETER amp : False 
DLL 2023-07-08 21:34:31.318064 - PARAMETER cudnn_enabled : True 
DLL 2023-07-08 21:34:31.318086 - PARAMETER cudnn_benchmark : True 
DLL 2023-07-08 21:34:31.318108 - PARAMETER disable_uniform_initialize_bn_weight : False 
DLL 2023-07-08 21:34:31.318131 - PARAMETER use_saved_learning_rate : False 
DLL 2023-07-08 21:34:31.318154 - PARAMETER learning_rate : 0.0 
DLL 2023-07-08 21:34:31.318177 - PARAMETER weight_decay : 0.0 
DLL 2023-07-08 21:34:31.318200 - PARAMETER grad_clip_thresh : 65504.0 
DLL 2023-07-08 21:34:31.318224 - PARAMETER batch_size : 48 
DLL 2023-07-08 21:34:31.318247 - PARAMETER grad_clip : 5.0 
DLL 2023-07-08 21:34:31.318270 - PARAMETER load_mel_from_disk : False 
DLL 2023-07-08 21:34:31.318296 - PARAMETER training_files : filelists/ljs_audio_text_train_subset_2500_filelist.txt 
DLL 2023-07-08 21:34:31.318320 - PARAMETER validation_files : filelists/ljs_audio_text_val_filelist.txt 
DLL 2023-07-08 21:34:31.318343 - PARAMETER text_cleaners : ['english_cleaners'] 
DLL 2023-07-08 21:34:31.318374 - PARAMETER max_wav_value : 32768.0 
DLL 2023-07-08 21:34:31.318397 - PARAMETER sampling_rate : 22050 
DLL 2023-07-08 21:34:31.318420 - PARAMETER filter_length : 1024 
DLL 2023-07-08 21:34:31.318443 - PARAMETER hop_length : 256 
DLL 2023-07-08 21:34:31.318465 - PARAMETER win_length : 1024 
DLL 2023-07-08 21:34:31.318490 - PARAMETER mel_fmin : 0.0 
DLL 2023-07-08 21:34:31.318514 - PARAMETER mel_fmax : 8000.0 
DLL 2023-07-08 21:34:31.318537 - PARAMETER rank : 0 
DLL 2023-07-08 21:34:31.318559 - PARAMETER world_size : 8 
DLL 2023-07-08 21:34:31.318581 - PARAMETER dist_url : tcp://localhost:23456 
DLL 2023-07-08 21:34:31.318605 - PARAMETER group_name : group_name 
DLL 2023-07-08 21:34:31.318629 - PARAMETER dist_backend : nccl 
DLL 2023-07-08 21:34:31.318653 - PARAMETER bench_class :  
DLL 2023-07-08 21:34:31.318676 - PARAMETER model_name : Tacotron2_PyT 
Initializing Distributed
Done initializing distributed
DLL 2023-07-08 21:36:18.818884 - (0, 0) glob_iter/iters_per_epoch : 0/6 
DLL 2023-07-08 21:36:23.663558 - (0, 0) train_loss : 0.0021404039580374956 
DLL 2023-07-08 21:36:27.426905 - (0, 0) train_items_per_sec : 356871.46165725065 items/s
DLL 2023-07-08 21:36:27.427035 - (0, 0) train_iter_time : 8.60814138999558 
DLL 2023-07-08 21:36:27.430194 - (0, 1) glob_iter/iters_per_epoch : 1/6 
DLL 2023-07-08 21:36:28.033581 - (0, 1) train_loss : 0.002075226977467537 
DLL 2023-07-08 21:36:28.672913 - (0, 1) train_items_per_sec : 2471949.9621936353 items/s
DLL 2023-07-08 21:36:28.673027 - (0, 1) train_iter_time : 1.2427436020079767 
DLL 2023-07-08 21:36:28.675578 - (0, 2) glob_iter/iters_per_epoch : 2/6 
DLL 2023-07-08 21:36:28.915134 - (0, 2) train_loss : 0.002377192722633481 
DLL 2023-07-08 21:36:29.547473 - (0, 2) train_items_per_sec : 3523322.723100381 items/s
DLL 2023-07-08 21:36:29.547588 - (0, 2) train_iter_time : 0.8719042339944281 
DLL 2023-07-08 21:36:29.550028 - (0, 3) glob_iter/iters_per_epoch : 3/6 
DLL 2023-07-08 21:36:29.789947 - (0, 3) train_loss : 0.0023061970714479685 
DLL 2023-07-08 21:36:30.423795 - (0, 3) train_items_per_sec : 3515836.2219003034 items/s
DLL 2023-07-08 21:36:30.423926 - (0, 3) train_iter_time : 0.8737608369992813 
DLL 2023-07-08 21:36:30.426159 - (0, 4) glob_iter/iters_per_epoch : 4/6 
DLL 2023-07-08 21:36:30.664549 - (0, 4) train_loss : 0.0021092104725539684 
DLL 2023-07-08 21:36:31.293865 - (0, 4) train_items_per_sec : 3540299.5932882912 items/s
DLL 2023-07-08 21:36:31.293954 - (0, 4) train_iter_time : 0.8677231740002753 
DLL 2023-07-08 21:36:31.296144 - (0, 5) glob_iter/iters_per_epoch : 5/6 
DLL 2023-07-08 21:36:31.536556 - (0, 5) train_loss : 0.0022133016027510166 
DLL 2023-07-08 21:36:32.164793 - (0, 5) train_items_per_sec : 3536477.3205405422 items/s
DLL 2023-07-08 21:36:32.164882 - (0, 5) train_iter_time : 0.868661020998843 
DLL 2023-07-08 21:36:32.346130 - (0,) train_items_per_sec : 2824126.2137800674 items/s
DLL 2023-07-08 21:36:32.346201 - (0,) train_loss : 0.0022133016027510166 
DLL 2023-07-08 21:36:32.346240 - (0,) train_epoch_time : 13.958564717991976 
DLL 2023-07-08 21:36:33.984897 - (0, 6, 0) val_items_per_sec : 570036.0743053161 items/s
DLL 2023-07-08 21:36:34.058681 - (0,) val_loss : 0.0018958586733788252 None
DLL 2023-07-08 21:36:34.058780 - (0,) val_items_per_sec : 570036.0743053161 items/s
Saving model and optimizer state at epoch 0 to ./checkpoint_WaveGlow_0.pt
Updating symlink ./checkpoint_WaveGlow_last.pt to point to checkpoint_WaveGlow_0.pt
DLL 2023-07-08 21:36:40.133439 - (1, 0) glob_iter/iters_per_epoch : 6/6 
DLL 2023-07-08 21:36:40.422684 - (1, 0) train_loss : 0.002305756090208888 
DLL 2023-07-08 21:36:41.075920 - (1, 0) train_items_per_sec : 3259167.708036837 items/s
DLL 2023-07-08 21:36:41.076029 - (1, 0) train_iter_time : 0.9425719309947453 
DLL 2023-07-08 21:36:41.078548 - (1, 1) glob_iter/iters_per_epoch : 7/6 
DLL 2023-07-08 21:36:41.348036 - (1, 1) train_loss : 0.002333676675334573 
DLL 2023-07-08 21:36:41.980896 - (1, 1) train_items_per_sec : 3404409.8983573047 items/s
DLL 2023-07-08 21:36:41.981046 - (1, 1) train_iter_time : 0.9023590260039782 
DLL 2023-07-08 21:36:41.983727 - (1, 2) glob_iter/iters_per_epoch : 8/6 
DLL 2023-07-08 21:36:42.224025 - (1, 2) train_loss : 0.0020064294803887606 
DLL 2023-07-08 21:36:42.858532 - (1, 2) train_items_per_sec : 3511566.294616237 items/s
DLL 2023-07-08 21:36:42.858646 - (1, 2) train_iter_time : 0.8748232960060704 
DLL 2023-07-08 21:36:42.861108 - (1, 3) glob_iter/iters_per_epoch : 9/6 
DLL 2023-07-08 21:36:43.101359 - (1, 3) train_loss : 0.00221643946133554 
DLL 2023-07-08 21:36:43.736384 - (1, 3) train_items_per_sec : 3509715.21787657 items/s
DLL 2023-07-08 21:36:43.736508 - (1, 3) train_iter_time : 0.8752846910065273 
DLL 2023-07-08 21:36:43.738965 - (1, 4) glob_iter/iters_per_epoch : 10/6 
DLL 2023-07-08 21:36:43.979250 - (1, 4) train_loss : 0.002261075656861067 
DLL 2023-07-08 21:36:44.610540 - (1, 4) train_items_per_sec : 3524601.3883633437 items/s
DLL 2023-07-08 21:36:44.610635 - (1, 4) train_iter_time : 0.8715879220108036 
DLL 2023-07-08 21:36:44.612942 - (1, 5) glob_iter/iters_per_epoch : 11/6 
DLL 2023-07-08 21:36:44.853215 - (1, 5) train_loss : 0.0023227341007441282 
DLL 2023-07-08 21:36:45.482936 - (1, 5) train_items_per_sec : 3531006.920628418 items/s
DLL 2023-07-08 21:36:45.483030 - (1, 5) train_iter_time : 0.8700067909958307 
DLL 2023-07-08 21:36:45.552743 - (1,) train_items_per_sec : 3456744.5713131186 items/s
DLL 2023-07-08 21:36:45.552805 - (1,) train_loss : 0.0023227341007441282 
DLL 2023-07-08 21:36:45.552837 - (1,) train_epoch_time : 5.617015344003448 
DLL 2023-07-08 21:36:45.821924 - (1, 12, 0) val_items_per_sec : 10449731.447977269 items/s
DLL 2023-07-08 21:36:45.889090 - (1,) val_loss : 0.001985495211556554 None
DLL 2023-07-08 21:36:45.889171 - (1,) val_items_per_sec : 10449731.447977269 items/s
DLL 2023-07-08 21:36:45.892311 - () run_time : 131.8741998399928 s
DLL 2023-07-08 21:36:45.892393 - () val_loss : 0.001985495211556554 None
DLL 2023-07-08 21:36:45.892426 - () train_loss : 0.0023227341007441282 
DLL 2023-07-08 21:36:45.892454 - () train_items_per_sec : 3456744.5713131186 items/s
DLL 2023-07-08 21:36:45.892478 - () val_items_per_sec : 10449731.447977269 items/s
DONE!
