DLL 2024-09-29 07:19:36.348310 - PARAMETER output : ./ 
DLL 2024-09-29 07:19:36.348361 - PARAMETER dataset_path : /data/tacotron2/LJSpeech-1.1 
DLL 2024-09-29 07:19:36.348376 - PARAMETER model_name : Tacotron2 
DLL 2024-09-29 07:19:36.348387 - PARAMETER log_file : nvlog.json 
DLL 2024-09-29 07:19:36.348395 - PARAMETER anneal_steps : None 
DLL 2024-09-29 07:19:36.348405 - PARAMETER anneal_factor : 0.1 
DLL 2024-09-29 07:19:36.348415 - PARAMETER config_file : None 
DLL 2024-09-29 07:19:36.348423 - PARAMETER seed : None 
DLL 2024-09-29 07:19:36.348432 - PARAMETER epochs : 3 
DLL 2024-09-29 07:19:36.348441 - PARAMETER epochs_per_checkpoint : 50 
DLL 2024-09-29 07:19:36.348450 - PARAMETER checkpoint_path :  
DLL 2024-09-29 07:19:36.348459 - PARAMETER resume_from_last : False 
DLL 2024-09-29 07:19:36.348469 - PARAMETER dynamic_loss_scaling : True 
DLL 2024-09-29 07:19:36.348477 - PARAMETER amp : False 
DLL 2024-09-29 07:19:36.348485 - PARAMETER cudnn_enabled : True 
DLL 2024-09-29 07:19:36.348494 - PARAMETER cudnn_benchmark : False 
DLL 2024-09-29 07:19:36.348502 - PARAMETER disable_uniform_initialize_bn_weight : False 
DLL 2024-09-29 07:19:36.348511 - PARAMETER use_saved_learning_rate : False 
DLL 2024-09-29 07:19:36.348519 - PARAMETER learning_rate : 0.0 
DLL 2024-09-29 07:19:36.348528 - PARAMETER weight_decay : 1e-06 
DLL 2024-09-29 07:19:36.348537 - PARAMETER grad_clip_thresh : 1.0 
DLL 2024-09-29 07:19:36.348545 - PARAMETER batch_size : 256 
DLL 2024-09-29 07:19:36.348554 - PARAMETER grad_clip : 5.0 
DLL 2024-09-29 07:19:36.348563 - PARAMETER load_mel_from_disk : False 
DLL 2024-09-29 07:19:36.348572 - PARAMETER training_files : filelists/ljs_audio_text_train_subset_625_filelist.txt 
DLL 2024-09-29 07:19:36.348581 - PARAMETER validation_files : filelists/ljs_audio_text_val_filelist.txt 
DLL 2024-09-29 07:19:36.348595 - PARAMETER text_cleaners : ['english_cleaners'] 
DLL 2024-09-29 07:19:36.348608 - PARAMETER max_wav_value : 32768.0 
DLL 2024-09-29 07:19:36.348617 - PARAMETER sampling_rate : 22050 
DLL 2024-09-29 07:19:36.348626 - PARAMETER filter_length : 1024 
DLL 2024-09-29 07:19:36.348634 - PARAMETER hop_length : 256 
DLL 2024-09-29 07:19:36.348643 - PARAMETER win_length : 1024 
DLL 2024-09-29 07:19:36.348651 - PARAMETER mel_fmin : 0.0 
DLL 2024-09-29 07:19:36.348659 - PARAMETER mel_fmax : 8000.0 
DLL 2024-09-29 07:19:36.348668 - PARAMETER rank : 0 
DLL 2024-09-29 07:19:36.348676 - PARAMETER world_size : 2 
DLL 2024-09-29 07:19:36.348685 - PARAMETER dist_url : tcp://localhost:23456 
DLL 2024-09-29 07:19:36.348693 - PARAMETER group_name : group_name 
DLL 2024-09-29 07:19:36.348701 - PARAMETER dist_backend : nccl 
DLL 2024-09-29 07:19:36.348710 - PARAMETER bench_class :  
DLL 2024-09-29 07:19:36.348719 - PARAMETER model_name : Tacotron2_PyT 
Initializing Distributed
Done initializing distributed
DLL 2024-09-29 07:19:45.523096 - (0, 0) glob_iter/iters_per_epoch : 0/1 
DLL 2024-09-29 07:19:47.311329 - (0, 0) train_loss : 46.69452667236328 
DLL 2024-09-29 07:19:48.654274 - (0, 0) train_items_per_sec : 92248.0613900155 items/s
DLL 2024-09-29 07:19:48.654375 - (0, 0) train_iter_time : 3.1312419540045084 
DLL 2024-09-29 07:19:48.678621 - (0,) train_items_per_sec : 92248.0613900155 items/s
DLL 2024-09-29 07:19:48.678705 - (0,) train_loss : 46.69452667236328 
DLL 2024-09-29 07:19:48.678724 - (0,) train_epoch_time : 7.037891467000009 
DLL 2024-09-29 07:19:49.849039 - (0, 1, 0) val_items_per_sec : 136522.50012361995 items/s
DLL 2024-09-29 07:19:49.889041 - (0,) val_loss : 45.79904556274414 None
DLL 2024-09-29 07:19:49.889102 - (0,) val_items_per_sec : 136522.50012361995 items/s
Saving model and optimizer state at epoch 0 to ./checkpoint_Tacotron2_0.pt
Updating symlink ./checkpoint_Tacotron2_last.pt to point to checkpoint_Tacotron2_0.pt
DLL 2024-09-29 07:19:54.377382 - (1, 0) glob_iter/iters_per_epoch : 1/1 
DLL 2024-09-29 07:19:54.990779 - (1, 0) train_loss : 47.03522872924805 
DLL 2024-09-29 07:19:56.104109 - (1, 0) train_items_per_sec : 168469.63650145818 items/s
DLL 2024-09-29 07:19:56.104206 - (1, 0) train_iter_time : 1.7267918779980391 
DLL 2024-09-29 07:19:56.151985 - (1,) train_items_per_sec : 168469.63650145818 items/s
DLL 2024-09-29 07:19:56.152088 - (1,) train_loss : 47.03522872924805 
DLL 2024-09-29 07:19:56.152108 - (1,) train_epoch_time : 5.649019876000239 
DLL 2024-09-29 07:19:57.337343 - (1, 2, 0) val_items_per_sec : 130845.8522404769 items/s
DLL 2024-09-29 07:19:57.373942 - (1,) val_loss : 45.813236236572266 None
DLL 2024-09-29 07:19:57.374000 - (1,) val_items_per_sec : 130845.8522404769 items/s
DLL 2024-09-29 07:20:01.424965 - (2, 0) glob_iter/iters_per_epoch : 2/1 
DLL 2024-09-29 07:20:02.183336 - (2, 0) train_loss : 46.406131744384766 
DLL 2024-09-29 07:20:03.274408 - (2, 0) train_items_per_sec : 155290.53453466107 items/s
DLL 2024-09-29 07:20:03.274502 - (2, 0) train_iter_time : 1.8495010070037097 
DLL 2024-09-29 07:20:03.336208 - (2,) train_items_per_sec : 155290.53453466107 items/s
DLL 2024-09-29 07:20:03.336309 - (2,) train_loss : 46.406131744384766 
DLL 2024-09-29 07:20:03.336330 - (2,) train_epoch_time : 5.959865926997736 
DLL 2024-09-29 07:20:04.527559 - (2, 3, 0) val_items_per_sec : 133100.96514197552 items/s
DLL 2024-09-29 07:20:04.572995 - (2,) val_loss : 45.82477569580078 None
DLL 2024-09-29 07:20:04.573056 - (2,) val_items_per_sec : 133100.96514197552 items/s
DLL 2024-09-29 07:20:04.575398 - () run_time : 26.832975083001656 s
DLL 2024-09-29 07:20:04.575437 - () val_loss : 45.82477569580078 None
DLL 2024-09-29 07:20:04.575453 - () train_loss : 46.406131744384766 
DLL 2024-09-29 07:20:04.575465 - () train_items_per_sec : 155290.53453466107 items/s
DLL 2024-09-29 07:20:04.575477 - () val_items_per_sec : 133100.96514197552 items/s
DONE!
