DLL 2024-07-24 08:31:35.974845 - PARAMETER output : ./ 
DLL 2024-07-24 08:31:35.974905 - PARAMETER dataset_path : /data/tacotron2/LJSpeech-1.1 
DLL 2024-07-24 08:31:35.974924 - PARAMETER model_name : Tacotron2 
DLL 2024-07-24 08:31:35.974938 - PARAMETER log_file : nvlog.json 
DLL 2024-07-24 08:31:35.974949 - PARAMETER anneal_steps : None 
DLL 2024-07-24 08:31:35.974962 - PARAMETER anneal_factor : 0.1 
DLL 2024-07-24 08:31:35.974975 - PARAMETER config_file : None 
DLL 2024-07-24 08:31:35.974986 - PARAMETER seed : None 
DLL 2024-07-24 08:31:35.974997 - PARAMETER epochs : 3 
DLL 2024-07-24 08:31:35.975010 - PARAMETER epochs_per_checkpoint : 50 
DLL 2024-07-24 08:31:35.975021 - PARAMETER checkpoint_path :  
DLL 2024-07-24 08:31:35.975032 - PARAMETER resume_from_last : False 
DLL 2024-07-24 08:31:35.975044 - PARAMETER dynamic_loss_scaling : True 
DLL 2024-07-24 08:31:35.975056 - PARAMETER amp : False 
DLL 2024-07-24 08:31:35.975067 - PARAMETER cudnn_enabled : True 
DLL 2024-07-24 08:31:35.975077 - PARAMETER cudnn_benchmark : False 
DLL 2024-07-24 08:31:35.975088 - PARAMETER disable_uniform_initialize_bn_weight : False 
DLL 2024-07-24 08:31:35.975099 - PARAMETER use_saved_learning_rate : False 
DLL 2024-07-24 08:31:35.975110 - PARAMETER learning_rate : 0.0 
DLL 2024-07-24 08:31:35.975122 - PARAMETER weight_decay : 1e-06 
DLL 2024-07-24 08:31:35.975134 - PARAMETER grad_clip_thresh : 1.0 
DLL 2024-07-24 08:31:35.975159 - PARAMETER batch_size : 256 
DLL 2024-07-24 08:31:35.975171 - PARAMETER grad_clip : 5.0 
DLL 2024-07-24 08:31:35.975182 - PARAMETER load_mel_from_disk : False 
DLL 2024-07-24 08:31:35.975192 - PARAMETER training_files : filelists/ljs_audio_text_train_subset_625_filelist.txt 
DLL 2024-07-24 08:31:35.975204 - PARAMETER validation_files : filelists/ljs_audio_text_val_filelist.txt 
DLL 2024-07-24 08:31:35.975217 - PARAMETER text_cleaners : ['english_cleaners'] 
DLL 2024-07-24 08:31:35.975231 - PARAMETER max_wav_value : 32768.0 
DLL 2024-07-24 08:31:35.975243 - PARAMETER sampling_rate : 22050 
DLL 2024-07-24 08:31:35.975253 - PARAMETER filter_length : 1024 
DLL 2024-07-24 08:31:35.975264 - PARAMETER hop_length : 256 
DLL 2024-07-24 08:31:35.975275 - PARAMETER win_length : 1024 
DLL 2024-07-24 08:31:35.975285 - PARAMETER mel_fmin : 0.0 
DLL 2024-07-24 08:31:35.975296 - PARAMETER mel_fmax : 8000.0 
DLL 2024-07-24 08:31:35.975307 - PARAMETER rank : 0 
DLL 2024-07-24 08:31:35.975318 - PARAMETER world_size : 2 
DLL 2024-07-24 08:31:35.975328 - PARAMETER dist_url : tcp://localhost:23456 
DLL 2024-07-24 08:31:35.975339 - PARAMETER group_name : group_name 
DLL 2024-07-24 08:31:35.975350 - PARAMETER dist_backend : nccl 
DLL 2024-07-24 08:31:35.975360 - PARAMETER bench_class :  
DLL 2024-07-24 08:31:35.975371 - PARAMETER model_name : Tacotron2_PyT 
Initializing Distributed
Done initializing distributed
DLL 2024-07-24 08:31:49.800595 - (0, 0) glob_iter/iters_per_epoch : 0/1 
DLL 2024-07-24 08:31:53.898510 - (0, 0) train_loss : 46.75994873046875 
DLL 2024-07-24 08:31:55.274261 - (0, 0) train_items_per_sec : 52770.49765848386 items/s
DLL 2024-07-24 08:31:55.274362 - (0, 0) train_iter_time : 5.473721356000169 
DLL 2024-07-24 08:31:55.315571 - (0,) train_items_per_sec : 52770.49765848386 items/s
DLL 2024-07-24 08:31:55.315638 - (0,) train_loss : 46.75994873046875 
DLL 2024-07-24 08:31:55.315658 - (0,) train_epoch_time : 10.614841908000017 
DLL 2024-07-24 08:31:56.858440 - (0, 1, 0) val_items_per_sec : 111038.05478162212 items/s
DLL 2024-07-24 08:31:56.914220 - (0,) val_loss : 45.78972625732422 None
DLL 2024-07-24 08:31:56.914302 - (0,) val_items_per_sec : 111038.05478162212 items/s
Saving model and optimizer state at epoch 0 to ./checkpoint_Tacotron2_0.pt
Updating symlink ./checkpoint_Tacotron2_last.pt to point to checkpoint_Tacotron2_0.pt
DLL 2024-07-24 08:32:02.781608 - (1, 0) glob_iter/iters_per_epoch : 1/1 
DLL 2024-07-24 08:32:03.480171 - (1, 0) train_loss : 47.094173431396484 
DLL 2024-07-24 08:32:04.589404 - (1, 0) train_items_per_sec : 160914.9871142519 items/s
DLL 2024-07-24 08:32:04.589505 - (1, 0) train_iter_time : 1.807861437999236 
DLL 2024-07-24 08:32:04.680721 - (1,) train_items_per_sec : 160914.9871142519 items/s
DLL 2024-07-24 08:32:04.680821 - (1,) train_loss : 47.094173431396484 
DLL 2024-07-24 08:32:04.680845 - (1,) train_epoch_time : 7.276675380999222 
DLL 2024-07-24 08:32:06.260214 - (1, 2, 0) val_items_per_sec : 108413.48019892222 items/s
DLL 2024-07-24 08:32:06.310712 - (1,) val_loss : 45.786834716796875 None
DLL 2024-07-24 08:32:06.310770 - (1,) val_items_per_sec : 108413.48019892222 items/s
DLL 2024-07-24 08:32:11.776525 - (2, 0) glob_iter/iters_per_epoch : 2/1 
DLL 2024-07-24 08:32:12.662185 - (2, 0) train_loss : 46.46928405761719 
DLL 2024-07-24 08:32:13.765151 - (2, 0) train_items_per_sec : 144421.6470788426 items/s
DLL 2024-07-24 08:32:13.765300 - (2, 0) train_iter_time : 1.9886907939999219 
DLL 2024-07-24 08:32:13.851918 - (2,) train_items_per_sec : 144421.6470788426 items/s
DLL 2024-07-24 08:32:13.852026 - (2,) train_loss : 46.46928405761719 
DLL 2024-07-24 08:32:13.852050 - (2,) train_epoch_time : 7.538964770999883 
DLL 2024-07-24 08:32:15.416505 - (2, 3, 0) val_items_per_sec : 108830.26688064687 items/s
DLL 2024-07-24 08:32:15.477967 - (2,) val_loss : 45.78439712524414 None
DLL 2024-07-24 08:32:15.478046 - (2,) val_items_per_sec : 108830.26688064687 items/s
DLL 2024-07-24 08:32:15.480800 - () run_time : 35.13983945600012 s
DLL 2024-07-24 08:32:15.480851 - () val_loss : 45.78439712524414 None
DLL 2024-07-24 08:32:15.480872 - () train_loss : 46.46928405761719 
DLL 2024-07-24 08:32:15.480888 - () train_items_per_sec : 144421.6470788426 items/s
DLL 2024-07-24 08:32:15.480904 - () val_items_per_sec : 108830.26688064687 items/s
DONE!
