DLL 2024-09-29 06:02:55.198010 - PARAMETER output : ./ 
DLL 2024-09-29 06:02:55.198062 - PARAMETER dataset_path : /data/tacotron2/LJSpeech-1.1 
DLL 2024-09-29 06:02:55.198078 - PARAMETER model_name : Tacotron2 
DLL 2024-09-29 06:02:55.198089 - PARAMETER log_file : nvlog.json 
DLL 2024-09-29 06:02:55.198098 - PARAMETER anneal_steps : None 
DLL 2024-09-29 06:02:55.198108 - PARAMETER anneal_factor : 0.1 
DLL 2024-09-29 06:02:55.198118 - PARAMETER config_file : None 
DLL 2024-09-29 06:02:55.198126 - PARAMETER seed : None 
DLL 2024-09-29 06:02:55.198135 - PARAMETER epochs : 2 
DLL 2024-09-29 06:02:55.198144 - PARAMETER epochs_per_checkpoint : 50 
DLL 2024-09-29 06:02:55.198152 - PARAMETER checkpoint_path :  
DLL 2024-09-29 06:02:55.198161 - PARAMETER resume_from_last : False 
DLL 2024-09-29 06:02:55.198171 - PARAMETER dynamic_loss_scaling : True 
DLL 2024-09-29 06:02:55.198180 - PARAMETER amp : False 
DLL 2024-09-29 06:02:55.198188 - PARAMETER cudnn_enabled : True 
DLL 2024-09-29 06:02:55.198197 - PARAMETER cudnn_benchmark : False 
DLL 2024-09-29 06:02:55.198205 - PARAMETER disable_uniform_initialize_bn_weight : False 
DLL 2024-09-29 06:02:55.198214 - PARAMETER use_saved_learning_rate : False 
DLL 2024-09-29 06:02:55.198222 - PARAMETER learning_rate : 0.0 
DLL 2024-09-29 06:02:55.198231 - PARAMETER weight_decay : 1e-06 
DLL 2024-09-29 06:02:55.198241 - PARAMETER grad_clip_thresh : 1.0 
DLL 2024-09-29 06:02:55.198250 - PARAMETER batch_size : 256 
DLL 2024-09-29 06:02:55.198259 - PARAMETER grad_clip : 5.0 
DLL 2024-09-29 06:02:55.198267 - PARAMETER load_mel_from_disk : False 
DLL 2024-09-29 06:02:55.198276 - PARAMETER training_files : filelists/ljs_audio_text_train_subset_625_filelist.txt 
DLL 2024-09-29 06:02:55.198284 - PARAMETER validation_files : filelists/ljs_audio_text_val_filelist.txt 
DLL 2024-09-29 06:02:55.198295 - PARAMETER text_cleaners : ['english_cleaners'] 
DLL 2024-09-29 06:02:55.198307 - PARAMETER max_wav_value : 32768.0 
DLL 2024-09-29 06:02:55.198316 - PARAMETER sampling_rate : 22050 
DLL 2024-09-29 06:02:55.198324 - PARAMETER filter_length : 1024 
DLL 2024-09-29 06:02:55.198332 - PARAMETER hop_length : 256 
DLL 2024-09-29 06:02:55.198340 - PARAMETER win_length : 1024 
DLL 2024-09-29 06:02:55.198349 - PARAMETER mel_fmin : 0.0 
DLL 2024-09-29 06:02:55.198357 - PARAMETER mel_fmax : 8000.0 
DLL 2024-09-29 06:02:55.198365 - PARAMETER rank : 0 
DLL 2024-09-29 06:02:55.198374 - PARAMETER world_size : 1 
DLL 2024-09-29 06:02:55.198382 - PARAMETER dist_url : tcp://localhost:23456 
DLL 2024-09-29 06:02:55.198390 - PARAMETER group_name : group_name 
DLL 2024-09-29 06:02:55.198399 - PARAMETER dist_backend : nccl 
DLL 2024-09-29 06:02:55.198407 - PARAMETER bench_class :  
DLL 2024-09-29 06:02:55.198415 - PARAMETER model_name : Tacotron2_PyT 
DLL 2024-09-29 06:03:00.913782 - (0, 0) glob_iter/iters_per_epoch : 0/2 
DLL 2024-09-29 06:03:02.418150 - (0, 0) train_loss : 44.48820495605469 
DLL 2024-09-29 06:03:03.694190 - (0, 0) train_items_per_sec : 49573.46688723338 items/s
DLL 2024-09-29 06:03:03.694273 - (0, 0) train_iter_time : 2.7804591579915723 
DLL 2024-09-29 06:03:03.702613 - (0, 1) glob_iter/iters_per_epoch : 1/2 
DLL 2024-09-29 06:03:04.168836 - (0, 1) train_loss : 47.099891662597656 
DLL 2024-09-29 06:03:05.246694 - (0, 1) train_items_per_sec : 94666.5533853768 items/s
DLL 2024-09-29 06:03:05.246781 - (0, 1) train_iter_time : 1.5440933970094193 
DLL 2024-09-29 06:03:05.263018 - (0,) train_items_per_sec : 72120.01013630509 items/s
DLL 2024-09-29 06:03:05.263078 - (0,) train_loss : 47.099891662597656 
DLL 2024-09-29 06:03:05.263094 - (0,) train_epoch_time : 7.7437878329947125 
DLL 2024-09-29 06:03:07.159943 - (0, 2, 0) val_items_per_sec : 137757.62727633075 items/s
DLL 2024-09-29 06:03:07.188115 - (0,) val_loss : 45.46265411376953 None
DLL 2024-09-29 06:03:07.188169 - (0,) val_items_per_sec : 137757.62727633075 items/s
Saving model and optimizer state at epoch 0 to ./checkpoint_Tacotron2_0.pt
Updating symlink ./checkpoint_Tacotron2_last.pt to point to checkpoint_Tacotron2_0.pt
DLL 2024-09-29 06:03:11.475285 - (1, 0) glob_iter/iters_per_epoch : 2/2 
DLL 2024-09-29 06:03:12.017430 - (1, 0) train_loss : 45.943397521972656 
DLL 2024-09-29 06:03:13.092871 - (1, 0) train_items_per_sec : 88369.47187090789 items/s
DLL 2024-09-29 06:03:13.092949 - (1, 0) train_iter_time : 1.617628769003204 
DLL 2024-09-29 06:03:13.103605 - (1, 1) glob_iter/iters_per_epoch : 3/2 
DLL 2024-09-29 06:03:13.663982 - (1, 1) train_loss : 47.07365798950195 
DLL 2024-09-29 06:03:14.757498 - (1, 1) train_items_per_sec : 87821.15309193397 items/s
DLL 2024-09-29 06:03:14.757571 - (1, 1) train_iter_time : 1.6539067740086466 
DLL 2024-09-29 06:03:14.800513 - (1,) train_items_per_sec : 88095.31248142093 items/s
DLL 2024-09-29 06:03:14.800595 - (1,) train_loss : 47.07365798950195 
DLL 2024-09-29 06:03:14.800613 - (1,) train_epoch_time : 7.144039667007746 
DLL 2024-09-29 06:03:16.591925 - (1, 4, 0) val_items_per_sec : 140322.24611764375 items/s
DLL 2024-09-29 06:03:16.618900 - (1,) val_loss : 45.467803955078125 None
DLL 2024-09-29 06:03:16.618954 - (1,) val_items_per_sec : 140322.24611764375 items/s
DLL 2024-09-29 06:03:16.622224 - () run_time : 20.291818742000032 s
DLL 2024-09-29 06:03:16.622258 - () val_loss : 45.467803955078125 None
DLL 2024-09-29 06:03:16.622274 - () train_loss : 47.07365798950195 
DLL 2024-09-29 06:03:16.622286 - () train_items_per_sec : 88095.31248142093 items/s
DLL 2024-09-29 06:03:16.622298 - () val_items_per_sec : 140322.24611764375 items/s
DONE!
