DLL 2024-07-28 09:42:15.927497 - PARAMETER output : ./ 
DLL 2024-07-28 09:42:15.927547 - PARAMETER dataset_path : /data/tacotron2/LJSpeech-1.1 
DLL 2024-07-28 09:42:15.927562 - PARAMETER model_name : Tacotron2 
DLL 2024-07-28 09:42:15.927573 - PARAMETER log_file : nvlog.json 
DLL 2024-07-28 09:42:15.927582 - PARAMETER anneal_steps : None 
DLL 2024-07-28 09:42:15.927592 - PARAMETER anneal_factor : 0.1 
DLL 2024-07-28 09:42:15.927602 - PARAMETER config_file : None 
DLL 2024-07-28 09:42:15.927611 - PARAMETER seed : None 
DLL 2024-07-28 09:42:15.927620 - PARAMETER epochs : 3 
DLL 2024-07-28 09:42:15.927629 - PARAMETER epochs_per_checkpoint : 50 
DLL 2024-07-28 09:42:15.927637 - PARAMETER checkpoint_path :  
DLL 2024-07-28 09:42:15.927646 - PARAMETER resume_from_last : False 
DLL 2024-07-28 09:42:15.927656 - PARAMETER dynamic_loss_scaling : True 
DLL 2024-07-28 09:42:15.927664 - PARAMETER amp : False 
DLL 2024-07-28 09:42:15.927673 - PARAMETER cudnn_enabled : True 
DLL 2024-07-28 09:42:15.927681 - PARAMETER cudnn_benchmark : False 
DLL 2024-07-28 09:42:15.927689 - PARAMETER disable_uniform_initialize_bn_weight : False 
DLL 2024-07-28 09:42:15.927698 - PARAMETER use_saved_learning_rate : False 
DLL 2024-07-28 09:42:15.927706 - PARAMETER learning_rate : 0.0 
DLL 2024-07-28 09:42:15.927715 - PARAMETER weight_decay : 1e-06 
DLL 2024-07-28 09:42:15.927724 - PARAMETER grad_clip_thresh : 1.0 
DLL 2024-07-28 09:42:15.927733 - PARAMETER batch_size : 256 
DLL 2024-07-28 09:42:15.927742 - PARAMETER grad_clip : 5.0 
DLL 2024-07-28 09:42:15.927750 - PARAMETER load_mel_from_disk : False 
DLL 2024-07-28 09:42:15.927758 - PARAMETER training_files : filelists/ljs_audio_text_train_subset_625_filelist.txt 
DLL 2024-07-28 09:42:15.927767 - PARAMETER validation_files : filelists/ljs_audio_text_val_filelist.txt 
DLL 2024-07-28 09:42:15.927775 - PARAMETER text_cleaners : ['english_cleaners'] 
DLL 2024-07-28 09:42:15.927787 - PARAMETER max_wav_value : 32768.0 
DLL 2024-07-28 09:42:15.927795 - PARAMETER sampling_rate : 22050 
DLL 2024-07-28 09:42:15.927803 - PARAMETER filter_length : 1024 
DLL 2024-07-28 09:42:15.927812 - PARAMETER hop_length : 256 
DLL 2024-07-28 09:42:15.927821 - PARAMETER win_length : 1024 
DLL 2024-07-28 09:42:15.927829 - PARAMETER mel_fmin : 0.0 
DLL 2024-07-28 09:42:15.927837 - PARAMETER mel_fmax : 8000.0 
DLL 2024-07-28 09:42:15.927845 - PARAMETER rank : 0 
DLL 2024-07-28 09:42:15.927854 - PARAMETER world_size : 1 
DLL 2024-07-28 09:42:15.927862 - PARAMETER dist_url : tcp://localhost:23456 
DLL 2024-07-28 09:42:15.927870 - PARAMETER group_name : group_name 
DLL 2024-07-28 09:42:15.927879 - PARAMETER dist_backend : nccl 
DLL 2024-07-28 09:42:15.927888 - PARAMETER bench_class :  
DLL 2024-07-28 09:42:15.927897 - PARAMETER model_name : Tacotron2_PyT 
DLL 2024-07-28 09:42:23.593993 - (0, 0) glob_iter/iters_per_epoch : 0/2 
DLL 2024-07-28 09:42:25.358130 - (0, 0) train_loss : 47.07303237915039 
DLL 2024-07-28 09:42:26.640235 - (0, 0) train_items_per_sec : 47541.507878079356 items/s
DLL 2024-07-28 09:42:26.640320 - (0, 0) train_iter_time : 3.046306406002259 
DLL 2024-07-28 09:42:26.650163 - (0, 1) glob_iter/iters_per_epoch : 1/2 
DLL 2024-07-28 09:42:27.124696 - (0, 1) train_loss : 46.94315719604492 
DLL 2024-07-28 09:42:28.235229 - (0, 1) train_items_per_sec : 91308.85668546207 items/s
DLL 2024-07-28 09:42:28.235303 - (0, 1) train_iter_time : 1.585103627992794 
DLL 2024-07-28 09:42:28.257223 - (0,) train_items_per_sec : 69425.18228177071 items/s
DLL 2024-07-28 09:42:28.257287 - (0,) train_loss : 46.94315719604492 
DLL 2024-07-28 09:42:28.257304 - (0,) train_epoch_time : 8.24579613401147 
DLL 2024-07-28 09:42:30.107304 - (0, 2, 0) val_items_per_sec : 137532.21596829675 items/s
DLL 2024-07-28 09:42:30.153707 - (0,) val_loss : 45.536651611328125 None
DLL 2024-07-28 09:42:30.153758 - (0,) val_items_per_sec : 137532.21596829675 items/s
Saving model and optimizer state at epoch 0 to ./checkpoint_Tacotron2_0.pt
Updating symlink ./checkpoint_Tacotron2_last.pt to point to checkpoint_Tacotron2_0.pt
DLL 2024-07-28 09:42:34.502848 - (1, 0) glob_iter/iters_per_epoch : 2/2 
DLL 2024-07-28 09:42:35.068197 - (1, 0) train_loss : 46.21577835083008 
DLL 2024-07-28 09:42:36.165688 - (1, 0) train_items_per_sec : 85512.56715727483 items/s
DLL 2024-07-28 09:42:36.165772 - (1, 0) train_iter_time : 1.6628783900087 
DLL 2024-07-28 09:42:36.176117 - (1, 1) glob_iter/iters_per_epoch : 3/2 
DLL 2024-07-28 09:42:36.633083 - (1, 1) train_loss : 47.9427490234375 
DLL 2024-07-28 09:42:37.727318 - (1, 1) train_items_per_sec : 95336.9030311888 items/s
DLL 2024-07-28 09:42:37.727386 - (1, 1) train_iter_time : 1.5512146429973654 
DLL 2024-07-28 09:42:37.784926 - (1,) train_items_per_sec : 90424.73509423182 items/s
DLL 2024-07-28 09:42:37.785005 - (1,) train_loss : 47.9427490234375 
DLL 2024-07-28 09:42:37.785024 - (1,) train_epoch_time : 7.169748273998266 
DLL 2024-07-28 09:42:39.629659 - (1, 4, 0) val_items_per_sec : 143185.8262692905 items/s
DLL 2024-07-28 09:42:39.675881 - (1,) val_loss : 45.53425216674805 None
DLL 2024-07-28 09:42:39.675932 - (1,) val_items_per_sec : 143185.8262692905 items/s
DLL 2024-07-28 09:42:43.328046 - (2, 0) glob_iter/iters_per_epoch : 4/2 
DLL 2024-07-28 09:42:43.978565 - (2, 0) train_loss : 45.51167678833008 
DLL 2024-07-28 09:42:45.071728 - (2, 0) train_items_per_sec : 80481.12791260326 items/s
DLL 2024-07-28 09:42:45.071800 - (2, 0) train_iter_time : 1.7437255620025098 
DLL 2024-07-28 09:42:45.081560 - (2, 1) glob_iter/iters_per_epoch : 5/2 
DLL 2024-07-28 09:42:45.534118 - (2, 1) train_loss : 48.20762252807617 
DLL 2024-07-28 09:42:46.633756 - (2, 1) train_items_per_sec : 95739.92977810604 items/s
DLL 2024-07-28 09:42:46.633838 - (2, 1) train_iter_time : 1.5522050240106182 
DLL 2024-07-28 09:42:46.689115 - (2,) train_items_per_sec : 88110.52884535465 items/s
DLL 2024-07-28 09:42:46.689196 - (2,) train_loss : 48.20762252807617 
DLL 2024-07-28 09:42:46.689213 - (2,) train_epoch_time : 7.0098328509920975 
DLL 2024-07-28 09:42:48.512824 - (2, 6, 0) val_items_per_sec : 140720.49254882304 items/s
DLL 2024-07-28 09:42:48.557129 - (2,) val_loss : 45.531375885009766 None
DLL 2024-07-28 09:42:48.557182 - (2,) val_items_per_sec : 140720.49254882304 items/s
DLL 2024-07-28 09:42:48.560597 - () run_time : 29.828848837001715 s
DLL 2024-07-28 09:42:48.560637 - () val_loss : 45.531375885009766 None
DLL 2024-07-28 09:42:48.560652 - () train_loss : 48.20762252807617 
DLL 2024-07-28 09:42:48.560665 - () train_items_per_sec : 88110.52884535465 items/s
DLL 2024-07-28 09:42:48.560676 - () val_items_per_sec : 140720.49254882304 items/s
DONE!
