/usr/local/lib/python3.10/dist-packages/torch/nn/utils/weight_norm.py:28: UserWarning: torch.nn.utils.weight_norm is deprecated in favor of torch.nn.utils.parametrizations.weight_norm.
  warnings.warn("torch.nn.utils.weight_norm is deprecated in favor of torch.nn.utils.parametrizations.weight_norm.")
/usr/local/lib/python3.10/dist-packages/torch/nn/utils/weight_norm.py:28: UserWarning: torch.nn.utils.weight_norm is deprecated in favor of torch.nn.utils.parametrizations.weight_norm.
  warnings.warn("torch.nn.utils.weight_norm is deprecated in favor of torch.nn.utils.parametrizations.weight_norm.")
DLL 2024-09-29 07:14:42.367521 - PARAMETER output : ./ 
DLL 2024-09-29 07:14:42.367573 - PARAMETER dataset_path : /data/tacotron2/LJSpeech-1.1 
DLL 2024-09-29 07:14:42.367589 - PARAMETER model_name : WaveGlow 
DLL 2024-09-29 07:14:42.367599 - PARAMETER log_file : nvlog.json 
DLL 2024-09-29 07:14:42.367609 - PARAMETER anneal_steps : None 
DLL 2024-09-29 07:14:42.367618 - PARAMETER anneal_factor : 0.1 
DLL 2024-09-29 07:14:42.367628 - PARAMETER config_file : None 
DLL 2024-09-29 07:14:42.367637 - PARAMETER seed : None 
DLL 2024-09-29 07:14:42.367645 - PARAMETER epochs : 2 
DLL 2024-09-29 07:14:42.367655 - PARAMETER epochs_per_checkpoint : 50 
DLL 2024-09-29 07:14:42.367664 - PARAMETER checkpoint_path :  
DLL 2024-09-29 07:14:42.367673 - PARAMETER resume_from_last : False 
DLL 2024-09-29 07:14:42.367682 - PARAMETER dynamic_loss_scaling : True 
DLL 2024-09-29 07:14:42.367691 - PARAMETER amp : False 
DLL 2024-09-29 07:14:42.367700 - PARAMETER cudnn_enabled : True 
DLL 2024-09-29 07:14:42.367708 - PARAMETER cudnn_benchmark : True 
DLL 2024-09-29 07:14:42.367717 - PARAMETER disable_uniform_initialize_bn_weight : False 
DLL 2024-09-29 07:14:42.367725 - PARAMETER use_saved_learning_rate : False 
DLL 2024-09-29 07:14:42.367733 - PARAMETER learning_rate : 0.0 
DLL 2024-09-29 07:14:42.367743 - PARAMETER weight_decay : 0.0 
DLL 2024-09-29 07:14:42.367751 - PARAMETER grad_clip_thresh : 65504.0 
DLL 2024-09-29 07:14:42.367760 - PARAMETER batch_size : 48 
DLL 2024-09-29 07:14:42.367774 - PARAMETER grad_clip : 5.0 
DLL 2024-09-29 07:14:42.367783 - PARAMETER load_mel_from_disk : False 
DLL 2024-09-29 07:14:42.367791 - PARAMETER training_files : filelists/ljs_audio_text_train_subset_625_filelist.txt 
DLL 2024-09-29 07:14:42.367800 - PARAMETER validation_files : filelists/ljs_audio_text_val_filelist.txt 
DLL 2024-09-29 07:14:42.367808 - PARAMETER text_cleaners : ['english_cleaners'] 
DLL 2024-09-29 07:14:42.367821 - PARAMETER max_wav_value : 32768.0 
DLL 2024-09-29 07:14:42.367830 - PARAMETER sampling_rate : 22050 
DLL 2024-09-29 07:14:42.367838 - PARAMETER filter_length : 1024 
DLL 2024-09-29 07:14:42.367846 - PARAMETER hop_length : 256 
DLL 2024-09-29 07:14:42.367854 - PARAMETER win_length : 1024 
DLL 2024-09-29 07:14:42.367862 - PARAMETER mel_fmin : 0.0 
DLL 2024-09-29 07:14:42.367871 - PARAMETER mel_fmax : 8000.0 
DLL 2024-09-29 07:14:42.367879 - PARAMETER rank : 0 
DLL 2024-09-29 07:14:42.367887 - PARAMETER world_size : 2 
DLL 2024-09-29 07:14:42.367896 - PARAMETER dist_url : tcp://localhost:23456 
DLL 2024-09-29 07:14:42.367904 - PARAMETER group_name : group_name 
DLL 2024-09-29 07:14:42.367912 - PARAMETER dist_backend : nccl 
DLL 2024-09-29 07:14:42.367921 - PARAMETER bench_class :  
DLL 2024-09-29 07:14:42.367930 - PARAMETER model_name : Tacotron2_PyT 
Initializing Distributed
Done initializing distributed
DLL 2024-09-29 07:14:49.675595 - (0, 0) glob_iter/iters_per_epoch : 0/6 
DLL 2024-09-29 07:14:55.165712 - (0, 0) train_loss : 0.002097864868119359 
DLL 2024-09-29 07:14:57.690060 - (0, 0) train_items_per_sec : 95826.18788507089 items/s
DLL 2024-09-29 07:14:57.690149 - (0, 0) train_iter_time : 8.0145106150012 
DLL 2024-09-29 07:14:57.690536 - (0, 1) glob_iter/iters_per_epoch : 1/6 
DLL 2024-09-29 07:14:57.933234 - (0, 1) train_loss : 0.002490488812327385 
DLL 2024-09-29 07:14:58.522950 - (0, 1) train_items_per_sec : 922611.0466426192 items/s
DLL 2024-09-29 07:14:58.523018 - (0, 1) train_iter_time : 0.8324201219948009 
DLL 2024-09-29 07:14:58.525776 - (0, 2) glob_iter/iters_per_epoch : 2/6 
DLL 2024-09-29 07:14:58.761278 - (0, 2) train_loss : 0.0021471113432198763 
DLL 2024-09-29 07:14:59.350982 - (0, 2) train_items_per_sec : 930669.3662788211 items/s
DLL 2024-09-29 07:14:59.351031 - (0, 2) train_iter_time : 0.8252125059952959 
DLL 2024-09-29 07:14:59.352838 - (0, 3) glob_iter/iters_per_epoch : 3/6 
DLL 2024-09-29 07:14:59.590433 - (0, 3) train_loss : 0.0021545649506151676 
DLL 2024-09-29 07:15:00.180356 - (0, 3) train_items_per_sec : 928069.212627238 items/s
DLL 2024-09-29 07:15:00.180405 - (0, 3) train_iter_time : 0.827524487991468 
DLL 2024-09-29 07:15:00.180790 - (0, 4) glob_iter/iters_per_epoch : 4/6 
DLL 2024-09-29 07:15:00.418983 - (0, 4) train_loss : 0.002056669909507036 
DLL 2024-09-29 07:15:01.009190 - (0, 4) train_items_per_sec : 927086.561302934 items/s
DLL 2024-09-29 07:15:01.009239 - (0, 4) train_iter_time : 0.8284016100078588 
DLL 2024-09-29 07:15:01.011033 - (0, 5) glob_iter/iters_per_epoch : 5/6 
DLL 2024-09-29 07:15:01.247491 - (0, 5) train_loss : 0.0021533265244215727 
DLL 2024-09-29 07:15:01.837053 - (0, 5) train_items_per_sec : 929754.9618451138 items/s
DLL 2024-09-29 07:15:01.837109 - (0, 5) train_iter_time : 0.8260240939998766 
DLL 2024-09-29 07:15:01.922088 - (0,) train_items_per_sec : 789002.8894302994 items/s
DLL 2024-09-29 07:15:01.922190 - (0,) train_loss : 0.0021533265244215727 
DLL 2024-09-29 07:15:01.922212 - (0,) train_epoch_time : 12.545741490001092 
DLL 2024-09-29 07:15:02.290950 - (0, 6, 0) val_items_per_sec : 2826580.924017058 items/s
DLL 2024-09-29 07:15:02.934503 - (0, 6, 1) val_items_per_sec : 49864.46705452307 items/s
DLL 2024-09-29 07:15:02.969684 - (0,) val_loss : 0.0016814728733152151 None
DLL 2024-09-29 07:15:02.969746 - (0,) val_items_per_sec : 1438222.6955357906 items/s
Saving model and optimizer state at epoch 0 to ./checkpoint_WaveGlow_0.pt
Updating symlink ./checkpoint_WaveGlow_last.pt to point to checkpoint_WaveGlow_0.pt
DLL 2024-09-29 07:15:07.491513 - (1, 0) glob_iter/iters_per_epoch : 6/6 
DLL 2024-09-29 07:15:07.730528 - (1, 0) train_loss : 0.002053692005574703 
DLL 2024-09-29 07:15:08.320958 - (1, 0) train_items_per_sec : 925878.2121246678 items/s
DLL 2024-09-29 07:15:08.321015 - (1, 0) train_iter_time : 0.8294827439967776 
DLL 2024-09-29 07:15:08.324653 - (1, 1) glob_iter/iters_per_epoch : 7/6 
DLL 2024-09-29 07:15:08.564028 - (1, 1) train_loss : 0.0024614024441689253 
DLL 2024-09-29 07:15:09.154176 - (1, 1) train_items_per_sec : 925823.8770169821 items/s
DLL 2024-09-29 07:15:09.154224 - (1, 1) train_iter_time : 0.8295314249990042 
DLL 2024-09-29 07:15:09.155917 - (1, 2) glob_iter/iters_per_epoch : 8/6 
DLL 2024-09-29 07:15:09.392289 - (1, 2) train_loss : 0.002048421185463667 
DLL 2024-09-29 07:15:09.981783 - (1, 2) train_items_per_sec : 929925.7547309026 items/s
DLL 2024-09-29 07:15:09.981835 - (1, 2) train_iter_time : 0.8258723839971935 
DLL 2024-09-29 07:15:09.982202 - (1, 3) glob_iter/iters_per_epoch : 9/6 
DLL 2024-09-29 07:15:10.219241 - (1, 3) train_loss : 0.0022200741805136204 
DLL 2024-09-29 07:15:10.808932 - (1, 3) train_items_per_sec : 928957.1346507076 items/s
DLL 2024-09-29 07:15:10.808980 - (1, 3) train_iter_time : 0.8267335179989459 
DLL 2024-09-29 07:15:10.809347 - (1, 4) glob_iter/iters_per_epoch : 10/6 
DLL 2024-09-29 07:15:11.046673 - (1, 4) train_loss : 0.002137331757694483 
DLL 2024-09-29 07:15:11.636279 - (1, 4) train_items_per_sec : 928730.4659678116 items/s
DLL 2024-09-29 07:15:11.636328 - (1, 4) train_iter_time : 0.8269352930074092 
DLL 2024-09-29 07:15:11.638089 - (1, 5) glob_iter/iters_per_epoch : 11/6 
DLL 2024-09-29 07:15:11.873653 - (1, 5) train_loss : 0.0020095231011509895 
DLL 2024-09-29 07:15:12.463249 - (1, 5) train_items_per_sec : 930721.969537975 items/s
DLL 2024-09-29 07:15:12.463298 - (1, 5) train_iter_time : 0.8251658660010435 
DLL 2024-09-29 07:15:12.507653 - (1,) train_items_per_sec : 928339.5690048411 items/s
DLL 2024-09-29 07:15:12.507750 - (1,) train_loss : 0.0020095231011509895 
DLL 2024-09-29 07:15:12.507770 - (1,) train_epoch_time : 5.222117568002432 
DLL 2024-09-29 07:15:12.850975 - (1, 12, 0) val_items_per_sec : 3332477.158557176 items/s
DLL 2024-09-29 07:15:12.881234 - (1, 12, 1) val_items_per_sec : 1123801.7203386708 items/s
DLL 2024-09-29 07:15:12.913946 - (1,) val_loss : 0.0027554294792935252 None
DLL 2024-09-29 07:15:12.913999 - (1,) val_items_per_sec : 2228139.4394479236 items/s
DLL 2024-09-29 07:15:12.915154 - () run_time : 29.04991777498799 s
DLL 2024-09-29 07:15:12.915187 - () val_loss : 0.0027554294792935252 None
DLL 2024-09-29 07:15:12.915201 - () train_loss : 0.0020095231011509895 
DLL 2024-09-29 07:15:12.915214 - () train_items_per_sec : 928339.5690048411 items/s
DLL 2024-09-29 07:15:12.915225 - () val_items_per_sec : 2228139.4394479236 items/s
DONE!
