DLL 2024-09-29 05:27:40.149920 - PARAMETER output : ./ 
DLL 2024-09-29 05:27:40.149976 - PARAMETER dataset_path : /data/tacotron2/LJSpeech-1.1 
DLL 2024-09-29 05:27:40.149991 - PARAMETER model_name : Tacotron2 
DLL 2024-09-29 05:27:40.150003 - PARAMETER log_file : nvlog.json 
DLL 2024-09-29 05:27:40.150012 - PARAMETER anneal_steps : None 
DLL 2024-09-29 05:27:40.150022 - PARAMETER anneal_factor : 0.1 
DLL 2024-09-29 05:27:40.150033 - PARAMETER config_file : None 
DLL 2024-09-29 05:27:40.150042 - PARAMETER seed : None 
DLL 2024-09-29 05:27:40.150050 - PARAMETER epochs : 3 
DLL 2024-09-29 05:27:40.150060 - PARAMETER epochs_per_checkpoint : 50 
DLL 2024-09-29 05:27:40.150069 - PARAMETER checkpoint_path :  
DLL 2024-09-29 05:27:40.150078 - PARAMETER resume_from_last : False 
DLL 2024-09-29 05:27:40.150087 - PARAMETER dynamic_loss_scaling : True 
DLL 2024-09-29 05:27:40.150096 - PARAMETER amp : False 
DLL 2024-09-29 05:27:40.150104 - PARAMETER cudnn_enabled : True 
DLL 2024-09-29 05:27:40.150112 - PARAMETER cudnn_benchmark : False 
DLL 2024-09-29 05:27:40.150121 - PARAMETER disable_uniform_initialize_bn_weight : False 
DLL 2024-09-29 05:27:40.150130 - PARAMETER use_saved_learning_rate : False 
DLL 2024-09-29 05:27:40.150138 - PARAMETER learning_rate : 0.0 
DLL 2024-09-29 05:27:40.150147 - PARAMETER weight_decay : 1e-06 
DLL 2024-09-29 05:27:40.150157 - PARAMETER grad_clip_thresh : 1.0 
DLL 2024-09-29 05:27:40.150166 - PARAMETER batch_size : 256 
DLL 2024-09-29 05:27:40.150174 - PARAMETER grad_clip : 5.0 
DLL 2024-09-29 05:27:40.150183 - PARAMETER load_mel_from_disk : False 
DLL 2024-09-29 05:27:40.150191 - PARAMETER training_files : filelists/ljs_audio_text_train_subset_625_filelist.txt 
DLL 2024-09-29 05:27:40.150200 - PARAMETER validation_files : filelists/ljs_audio_text_val_filelist.txt 
DLL 2024-09-29 05:27:40.150209 - PARAMETER text_cleaners : ['english_cleaners'] 
DLL 2024-09-29 05:27:40.150222 - PARAMETER max_wav_value : 32768.0 
DLL 2024-09-29 05:27:40.150230 - PARAMETER sampling_rate : 22050 
DLL 2024-09-29 05:27:40.150239 - PARAMETER filter_length : 1024 
DLL 2024-09-29 05:27:40.150252 - PARAMETER hop_length : 256 
DLL 2024-09-29 05:27:40.150261 - PARAMETER win_length : 1024 
DLL 2024-09-29 05:27:40.150269 - PARAMETER mel_fmin : 0.0 
DLL 2024-09-29 05:27:40.150278 - PARAMETER mel_fmax : 8000.0 
DLL 2024-09-29 05:27:40.150287 - PARAMETER rank : 0 
DLL 2024-09-29 05:27:40.150296 - PARAMETER world_size : 1 
DLL 2024-09-29 05:27:40.150304 - PARAMETER dist_url : tcp://localhost:23456 
DLL 2024-09-29 05:27:40.150313 - PARAMETER group_name : group_name 
DLL 2024-09-29 05:27:40.150321 - PARAMETER dist_backend : nccl 
DLL 2024-09-29 05:27:40.150329 - PARAMETER bench_class :  
DLL 2024-09-29 05:27:40.150338 - PARAMETER model_name : Tacotron2_PyT 
DLL 2024-09-29 05:27:45.284766 - (0, 0) glob_iter/iters_per_epoch : 0/2 
DLL 2024-09-29 05:27:46.780201 - (0, 0) train_loss : 45.150360107421875 
DLL 2024-09-29 05:27:48.113780 - (0, 0) train_items_per_sec : 49246.1342827433 items/s
DLL 2024-09-29 05:27:48.113898 - (0, 0) train_iter_time : 2.829095156994299 
DLL 2024-09-29 05:27:48.126439 - (0, 1) glob_iter/iters_per_epoch : 1/2 
DLL 2024-09-29 05:27:48.679682 - (0, 1) train_loss : 47.43064880371094 
DLL 2024-09-29 05:27:49.813657 - (0, 1) train_items_per_sec : 87130.05588948599 items/s
DLL 2024-09-29 05:27:49.813777 - (0, 1) train_iter_time : 1.6872363789880183 
DLL 2024-09-29 05:27:49.836600 - (0,) train_items_per_sec : 68188.09508611464 items/s
DLL 2024-09-29 05:27:49.836703 - (0,) train_loss : 47.43064880371094 
DLL 2024-09-29 05:27:49.836720 - (0,) train_epoch_time : 8.161505141004454 
DLL 2024-09-29 05:27:51.957779 - (0, 2, 0) val_items_per_sec : 128100.42432910949 items/s
DLL 2024-09-29 05:27:52.001281 - (0,) val_loss : 45.58451843261719 None
DLL 2024-09-29 05:27:52.001393 - (0,) val_items_per_sec : 128100.42432910949 items/s
Saving model and optimizer state at epoch 0 to ./checkpoint_Tacotron2_0.pt
Updating symlink ./checkpoint_Tacotron2_last.pt to point to checkpoint_Tacotron2_0.pt
DLL 2024-09-29 05:27:56.721917 - (1, 0) glob_iter/iters_per_epoch : 2/2 
DLL 2024-09-29 05:27:57.339493 - (1, 0) train_loss : 46.01102828979492 
DLL 2024-09-29 05:27:58.446985 - (1, 0) train_items_per_sec : 82338.3437622789 items/s
DLL 2024-09-29 05:27:58.447106 - (1, 0) train_iter_time : 1.7251257859898033 
DLL 2024-09-29 05:27:58.458755 - (1, 1) glob_iter/iters_per_epoch : 3/2 
DLL 2024-09-29 05:27:59.098037 - (1, 1) train_loss : 47.825809478759766 
DLL 2024-09-29 05:28:00.220271 - (1, 1) train_items_per_sec : 84154.5758872475 items/s
DLL 2024-09-29 05:28:00.220379 - (1, 1) train_iter_time : 1.761532257005456 
DLL 2024-09-29 05:28:00.281717 - (1,) train_items_per_sec : 83246.45982476321 items/s
DLL 2024-09-29 05:28:00.281834 - (1,) train_loss : 47.825809478759766 
DLL 2024-09-29 05:28:00.281851 - (1,) train_epoch_time : 7.74842688300123 
DLL 2024-09-29 05:28:02.292404 - (1, 4, 0) val_items_per_sec : 135297.70035773676 items/s
DLL 2024-09-29 05:28:02.346352 - (1,) val_loss : 45.59132385253906 None
DLL 2024-09-29 05:28:02.346483 - (1,) val_items_per_sec : 135297.70035773676 items/s
DLL 2024-09-29 05:28:06.489327 - (2, 0) glob_iter/iters_per_epoch : 4/2 
DLL 2024-09-29 05:28:07.094792 - (2, 0) train_loss : 47.24345397949219 
DLL 2024-09-29 05:28:08.211205 - (2, 0) train_items_per_sec : 84263.18717087978 items/s
DLL 2024-09-29 05:28:08.211316 - (2, 0) train_iter_time : 1.7219381899922155 
DLL 2024-09-29 05:28:08.222125 - (2, 1) glob_iter/iters_per_epoch : 5/2 
DLL 2024-09-29 05:28:08.732468 - (2, 1) train_loss : 47.078636169433594 
DLL 2024-09-29 05:28:09.840892 - (2, 1) train_items_per_sec : 89940.28289232262 items/s
DLL 2024-09-29 05:28:09.840998 - (2, 1) train_iter_time : 1.6187852130096871 
DLL 2024-09-29 05:28:09.895318 - (2,) train_items_per_sec : 87101.7350316012 items/s
DLL 2024-09-29 05:28:09.895425 - (2,) train_loss : 47.078636169433594 
DLL 2024-09-29 05:28:09.895443 - (2,) train_epoch_time : 7.54336531899753 
DLL 2024-09-29 05:28:11.821925 - (2, 6, 0) val_items_per_sec : 142651.4723352184 items/s
DLL 2024-09-29 05:28:11.866862 - (2,) val_loss : 45.59807205200195 None
DLL 2024-09-29 05:28:11.866927 - (2,) val_items_per_sec : 142651.4723352184 items/s
DLL 2024-09-29 05:28:11.870405 - () run_time : 31.349523259996204 s
DLL 2024-09-29 05:28:11.870448 - () val_loss : 45.59807205200195 None
DLL 2024-09-29 05:28:11.870465 - () train_loss : 47.078636169433594 
DLL 2024-09-29 05:28:11.870477 - () train_items_per_sec : 87101.7350316012 items/s
DLL 2024-09-29 05:28:11.870488 - () val_items_per_sec : 142651.4723352184 items/s
DONE!
