DLL 2024-07-28 09:46:15.624858 - PARAMETER output : ./ 
DLL 2024-07-28 09:46:15.624917 - PARAMETER dataset_path : /data/tacotron2/LJSpeech-1.1 
DLL 2024-07-28 09:46:15.624936 - PARAMETER model_name : Tacotron2 
DLL 2024-07-28 09:46:15.624951 - PARAMETER log_file : nvlog.json 
DLL 2024-07-28 09:46:15.624963 - PARAMETER anneal_steps : None 
DLL 2024-07-28 09:46:15.624976 - PARAMETER anneal_factor : 0.1 
DLL 2024-07-28 09:46:15.624989 - PARAMETER config_file : None 
DLL 2024-07-28 09:46:15.625000 - PARAMETER seed : None 
DLL 2024-07-28 09:46:15.625012 - PARAMETER epochs : 3 
DLL 2024-07-28 09:46:15.625025 - PARAMETER epochs_per_checkpoint : 50 
DLL 2024-07-28 09:46:15.625036 - PARAMETER checkpoint_path :  
DLL 2024-07-28 09:46:15.625048 - PARAMETER resume_from_last : False 
DLL 2024-07-28 09:46:15.625060 - PARAMETER dynamic_loss_scaling : True 
DLL 2024-07-28 09:46:15.625073 - PARAMETER amp : False 
DLL 2024-07-28 09:46:15.625084 - PARAMETER cudnn_enabled : True 
DLL 2024-07-28 09:46:15.625095 - PARAMETER cudnn_benchmark : False 
DLL 2024-07-28 09:46:15.625105 - PARAMETER disable_uniform_initialize_bn_weight : False 
DLL 2024-07-28 09:46:15.625117 - PARAMETER use_saved_learning_rate : False 
DLL 2024-07-28 09:46:15.625128 - PARAMETER learning_rate : 0.0 
DLL 2024-07-28 09:46:15.625140 - PARAMETER weight_decay : 1e-06 
DLL 2024-07-28 09:46:15.625152 - PARAMETER grad_clip_thresh : 1.0 
DLL 2024-07-28 09:46:15.625164 - PARAMETER batch_size : 256 
DLL 2024-07-28 09:46:15.625176 - PARAMETER grad_clip : 5.0 
DLL 2024-07-28 09:46:15.625186 - PARAMETER load_mel_from_disk : False 
DLL 2024-07-28 09:46:15.625198 - PARAMETER training_files : filelists/ljs_audio_text_train_subset_625_filelist.txt 
DLL 2024-07-28 09:46:15.625209 - PARAMETER validation_files : filelists/ljs_audio_text_val_filelist.txt 
DLL 2024-07-28 09:46:15.625220 - PARAMETER text_cleaners : ['english_cleaners'] 
DLL 2024-07-28 09:46:15.625235 - PARAMETER max_wav_value : 32768.0 
DLL 2024-07-28 09:46:15.625247 - PARAMETER sampling_rate : 22050 
DLL 2024-07-28 09:46:15.625259 - PARAMETER filter_length : 1024 
DLL 2024-07-28 09:46:15.625273 - PARAMETER hop_length : 256 
DLL 2024-07-28 09:46:15.625284 - PARAMETER win_length : 1024 
DLL 2024-07-28 09:46:15.625295 - PARAMETER mel_fmin : 0.0 
DLL 2024-07-28 09:46:15.625306 - PARAMETER mel_fmax : 8000.0 
DLL 2024-07-28 09:46:15.625317 - PARAMETER rank : 0 
DLL 2024-07-28 09:46:15.625329 - PARAMETER world_size : 1 
DLL 2024-07-28 09:46:15.625340 - PARAMETER dist_url : tcp://localhost:23456 
DLL 2024-07-28 09:46:15.625350 - PARAMETER group_name : group_name 
DLL 2024-07-28 09:46:15.625361 - PARAMETER dist_backend : nccl 
DLL 2024-07-28 09:46:15.625372 - PARAMETER bench_class :  
DLL 2024-07-28 09:46:15.625383 - PARAMETER model_name : Tacotron2_PyT 
DLL 2024-07-28 09:46:24.865070 - (0, 0) glob_iter/iters_per_epoch : 0/2 
DLL 2024-07-28 09:46:26.840046 - (0, 0) train_loss : 46.10364532470703 
DLL 2024-07-28 09:46:28.159852 - (0, 0) train_items_per_sec : 42857.29682946542 items/s
DLL 2024-07-28 09:46:28.159950 - (0, 0) train_iter_time : 3.294841495997389 
DLL 2024-07-28 09:46:28.171252 - (0, 1) glob_iter/iters_per_epoch : 1/2 
DLL 2024-07-28 09:46:28.751509 - (0, 1) train_loss : 48.19260787963867 
DLL 2024-07-28 09:46:29.849568 - (0, 1) train_items_per_sec : 88576.99093985083 items/s
DLL 2024-07-28 09:46:29.849628 - (0, 1) train_iter_time : 1.678347823995864 
DLL 2024-07-28 09:46:29.880069 - (0,) train_items_per_sec : 65717.14388465813 items/s
DLL 2024-07-28 09:46:29.880123 - (0,) train_loss : 48.19260787963867 
DLL 2024-07-28 09:46:29.880143 - (0,) train_epoch_time : 10.032084966005641 
DLL 2024-07-28 09:46:32.443232 - (0, 2, 0) val_items_per_sec : 111403.87489463226 items/s
DLL 2024-07-28 09:46:32.483150 - (0,) val_loss : 45.44718551635742 None
DLL 2024-07-28 09:46:32.483205 - (0,) val_items_per_sec : 111403.87489463226 items/s
Saving model and optimizer state at epoch 0 to ./checkpoint_Tacotron2_0.pt
Updating symlink ./checkpoint_Tacotron2_last.pt to point to checkpoint_Tacotron2_0.pt
DLL 2024-07-28 09:46:38.482684 - (1, 0) glob_iter/iters_per_epoch : 2/2 
DLL 2024-07-28 09:46:39.138831 - (1, 0) train_loss : 47.40592956542969 
DLL 2024-07-28 09:46:40.227805 - (1, 0) train_items_per_sec : 84025.54831214299 items/s
DLL 2024-07-28 09:46:40.227868 - (1, 0) train_iter_time : 1.7451715929928469 
DLL 2024-07-28 09:46:40.235371 - (1, 1) glob_iter/iters_per_epoch : 3/2 
DLL 2024-07-28 09:46:40.817263 - (1, 1) train_loss : 46.7956657409668 
DLL 2024-07-28 09:46:41.893653 - (1, 1) train_items_per_sec : 86321.11487647059 items/s
DLL 2024-07-28 09:46:41.893719 - (1, 1) train_iter_time : 1.65829646900238 
DLL 2024-07-28 09:46:41.979914 - (1,) train_items_per_sec : 85173.33159430679 items/s
DLL 2024-07-28 09:46:41.979976 - (1,) train_loss : 46.7956657409668 
DLL 2024-07-28 09:46:41.980001 - (1,) train_epoch_time : 9.018861970005673 
DLL 2024-07-28 09:46:44.483237 - (1, 4, 0) val_items_per_sec : 114636.81080385463 items/s
DLL 2024-07-28 09:46:44.519144 - (1,) val_loss : 45.44305419921875 None
DLL 2024-07-28 09:46:44.519193 - (1,) val_items_per_sec : 114636.81080385463 items/s
DLL 2024-07-28 09:46:49.951283 - (2, 0) glob_iter/iters_per_epoch : 4/2 
DLL 2024-07-28 09:46:50.717984 - (2, 0) train_loss : 47.294612884521484 
DLL 2024-07-28 09:46:51.813015 - (2, 0) train_items_per_sec : 78632.63561102259 items/s
DLL 2024-07-28 09:46:51.813080 - (2, 0) train_iter_time : 1.8617842179955915 
DLL 2024-07-28 09:46:51.820785 - (2, 1) glob_iter/iters_per_epoch : 5/2 
DLL 2024-07-28 09:46:52.393453 - (2, 1) train_loss : 47.623992919921875 
DLL 2024-07-28 09:46:53.479974 - (2, 1) train_items_per_sec : 88376.81007300274 items/s
DLL 2024-07-28 09:46:53.480051 - (2, 1) train_iter_time : 1.6592022260010708 
DLL 2024-07-28 09:46:53.561383 - (2,) train_items_per_sec : 83504.72284201266 items/s
DLL 2024-07-28 09:46:53.561440 - (2,) train_loss : 47.623992919921875 
DLL 2024-07-28 09:46:53.561462 - (2,) train_epoch_time : 9.038193416010472 
DLL 2024-07-28 09:46:56.066575 - (2, 6, 0) val_items_per_sec : 113778.74794893718 items/s
DLL 2024-07-28 09:46:56.104259 - (2,) val_loss : 45.43962860107422 None
DLL 2024-07-28 09:46:56.104328 - (2,) val_items_per_sec : 113778.74794893718 items/s
DLL 2024-07-28 09:46:56.108360 - () run_time : 37.64579535200028 s
DLL 2024-07-28 09:46:56.108414 - () val_loss : 45.43962860107422 None
DLL 2024-07-28 09:46:56.108435 - () train_loss : 47.623992919921875 
DLL 2024-07-28 09:46:56.108451 - () train_items_per_sec : 83504.72284201266 items/s
DLL 2024-07-28 09:46:56.108466 - () val_items_per_sec : 113778.74794893718 items/s
DONE!
