DLL 2024-09-29 06:51:04.985225 - PARAMETER output : ./ 
DLL 2024-09-29 06:51:04.985294 - PARAMETER dataset_path : /data/tacotron2/LJSpeech-1.1 
DLL 2024-09-29 06:51:04.985314 - PARAMETER model_name : Tacotron2 
DLL 2024-09-29 06:51:04.985328 - PARAMETER log_file : nvlog.json 
DLL 2024-09-29 06:51:04.985340 - PARAMETER anneal_steps : None 
DLL 2024-09-29 06:51:04.985354 - PARAMETER anneal_factor : 0.1 
DLL 2024-09-29 06:51:04.985366 - PARAMETER config_file : None 
DLL 2024-09-29 06:51:04.985377 - PARAMETER seed : None 
DLL 2024-09-29 06:51:04.985389 - PARAMETER epochs : 2 
DLL 2024-09-29 06:51:04.985400 - PARAMETER epochs_per_checkpoint : 50 
DLL 2024-09-29 06:51:04.985412 - PARAMETER checkpoint_path :  
DLL 2024-09-29 06:51:04.985423 - PARAMETER resume_from_last : False 
DLL 2024-09-29 06:51:04.985436 - PARAMETER dynamic_loss_scaling : True 
DLL 2024-09-29 06:51:04.985447 - PARAMETER amp : False 
DLL 2024-09-29 06:51:04.985458 - PARAMETER cudnn_enabled : True 
DLL 2024-09-29 06:51:04.985469 - PARAMETER cudnn_benchmark : False 
DLL 2024-09-29 06:51:04.985480 - PARAMETER disable_uniform_initialize_bn_weight : False 
DLL 2024-09-29 06:51:04.985491 - PARAMETER use_saved_learning_rate : False 
DLL 2024-09-29 06:51:04.985502 - PARAMETER learning_rate : 0.0 
DLL 2024-09-29 06:51:04.985513 - PARAMETER weight_decay : 1e-06 
DLL 2024-09-29 06:51:04.985525 - PARAMETER grad_clip_thresh : 1.0 
DLL 2024-09-29 06:51:04.985536 - PARAMETER batch_size : 256 
DLL 2024-09-29 06:51:04.985547 - PARAMETER grad_clip : 5.0 
DLL 2024-09-29 06:51:04.985558 - PARAMETER load_mel_from_disk : False 
DLL 2024-09-29 06:51:04.985569 - PARAMETER training_files : filelists/ljs_audio_text_train_subset_625_filelist.txt 
DLL 2024-09-29 06:51:04.985580 - PARAMETER validation_files : filelists/ljs_audio_text_val_filelist.txt 
DLL 2024-09-29 06:51:04.985595 - PARAMETER text_cleaners : ['english_cleaners'] 
DLL 2024-09-29 06:51:04.985611 - PARAMETER max_wav_value : 32768.0 
DLL 2024-09-29 06:51:04.985624 - PARAMETER sampling_rate : 22050 
DLL 2024-09-29 06:51:04.985635 - PARAMETER filter_length : 1024 
DLL 2024-09-29 06:51:04.985645 - PARAMETER hop_length : 256 
DLL 2024-09-29 06:51:04.985656 - PARAMETER win_length : 1024 
DLL 2024-09-29 06:51:04.985667 - PARAMETER mel_fmin : 0.0 
DLL 2024-09-29 06:51:04.985678 - PARAMETER mel_fmax : 8000.0 
DLL 2024-09-29 06:51:04.985689 - PARAMETER rank : 0 
DLL 2024-09-29 06:51:04.985700 - PARAMETER world_size : 2 
DLL 2024-09-29 06:51:04.985711 - PARAMETER dist_url : tcp://localhost:23456 
DLL 2024-09-29 06:51:04.985722 - PARAMETER group_name : group_name 
DLL 2024-09-29 06:51:04.985733 - PARAMETER dist_backend : nccl 
DLL 2024-09-29 06:51:04.985744 - PARAMETER bench_class :  
DLL 2024-09-29 06:51:04.985755 - PARAMETER model_name : Tacotron2_PyT 
Initializing Distributed
Done initializing distributed
DLL 2024-09-29 06:51:15.357462 - (0, 0) glob_iter/iters_per_epoch : 0/1 
DLL 2024-09-29 06:51:17.136188 - (0, 0) train_loss : 46.67134094238281 
DLL 2024-09-29 06:51:18.446728 - (0, 0) train_items_per_sec : 93499.64952613859 items/s
DLL 2024-09-29 06:51:18.446847 - (0, 0) train_iter_time : 3.089327088004211 
DLL 2024-09-29 06:51:18.470361 - (0,) train_items_per_sec : 93499.64952613859 items/s
DLL 2024-09-29 06:51:18.470456 - (0,) train_loss : 46.67134094238281 
DLL 2024-09-29 06:51:18.470476 - (0,) train_epoch_time : 8.203064715999062 
DLL 2024-09-29 06:51:20.008559 - (0, 1, 0) val_items_per_sec : 111556.09173311669 items/s
DLL 2024-09-29 06:51:20.042766 - (0,) val_loss : 45.73213195800781 None
DLL 2024-09-29 06:51:20.042833 - (0,) val_items_per_sec : 111556.09173311669 items/s
Saving model and optimizer state at epoch 0 to ./checkpoint_Tacotron2_0.pt
Updating symlink ./checkpoint_Tacotron2_last.pt to point to checkpoint_Tacotron2_0.pt
DLL 2024-09-29 06:51:26.062533 - (1, 0) glob_iter/iters_per_epoch : 1/1 
DLL 2024-09-29 06:51:26.735398 - (1, 0) train_loss : 47.00551986694336 
DLL 2024-09-29 06:51:27.855761 - (1, 0) train_items_per_sec : 162223.88813179274 items/s
DLL 2024-09-29 06:51:27.855864 - (1, 0) train_iter_time : 1.793274734998704 
DLL 2024-09-29 06:51:27.904180 - (1,) train_items_per_sec : 162223.88813179274 items/s
DLL 2024-09-29 06:51:27.904291 - (1,) train_loss : 47.00551986694336 
DLL 2024-09-29 06:51:27.904315 - (1,) train_epoch_time : 7.314398724003695 
DLL 2024-09-29 06:51:29.484680 - (1, 2, 0) val_items_per_sec : 118427.9770668235 items/s
DLL 2024-09-29 06:51:29.524374 - (1,) val_loss : 45.74208450317383 None
DLL 2024-09-29 06:51:29.524441 - (1,) val_items_per_sec : 118427.9770668235 items/s
DLL 2024-09-29 06:51:29.526893 - () run_time : 23.758584326002165 s
DLL 2024-09-29 06:51:29.526941 - () val_loss : 45.74208450317383 None
DLL 2024-09-29 06:51:29.526962 - () train_loss : 47.00551986694336 
DLL 2024-09-29 06:51:29.526978 - () train_items_per_sec : 162223.88813179274 items/s
DLL 2024-09-29 06:51:29.526994 - () val_items_per_sec : 118427.9770668235 items/s
DONE!
